1.0e8 26.0 82.0 65.0 102.0 100.0 147.0 134.0 69.0 117.0 125.0 38.0 40.0 13.0 38.0 31.0 22.0 103.0 143.0 94.0 104.0 123.0 140.0 98.0 58.0 38.0 30.0 67.0 120.0 149.0 100.0 141.0 93.0 162.0 62.0 66.0
66.0 1.0e8 56.0 39.0 76.0 109.0 156.0 140.0 135.0 183.0 190.0 104.0 76.0 79.0 104.0 97.0 88.0 130.0 176.0 121.0 131.0 150.0 167.0 125.0 85.0 65.0 57.0 94.0 147.0 160.0 80.0 162.0 67.0 189.0 128.0 40.0
43.0 57.0 1.0e8 16.0 20.0 53.0 100.0 84.0 107.0 155.0 168.0 81.0 53.0 56.0 81.0 74.0 65.0 146.0 186.0 137.0 147.0 166.0 183.0 141.0 101.0 81.0 73.0 110.0 163.0 164.0 102.0 166.0 71.0 205.0 105.0 62.0
27.0 41.0 62.0 1.0e8 82.0 97.0 144.0 131.0 96.0 144.0 152.0 65.0 37.0 40.0 65.0 58.0 49.0 130.0 170.0 121.0 131.0 150.0 167.0 125.0 85.0 65.0 57.0 94.0 147.0 166.0 86.0 168.0 73.0 189.0 89.0 46.0
106.0 120.0 63.0 79.0 1.0e8 33.0 80.0 64.0 87.0 135.0 208.0 130.0 116.0 119.0 144.0 137.0 128.0 209.0 226.0 200.0 189.0 208.0 195.0 153.0 164.0 144.0 136.0 122.0 175.0 144.0 107.0 146.0 51.0 268.0 93.0 83.0
109.0 135.0 161.0 174.0 142.0 1.0e8 47.0 34.0 54.0 102.0 175.0 97.0 97.0 96.0 128.0 135.0 131.0 198.0 193.0 203.0 213.0 232.0 249.0 207.0 167.0 147.0 139.0 176.0 229.0 222.0 204.0 224.0 148.0 235.0 60.0 175.0
157.0 171.0 114.0 130.0 95.0 60.0 1.0e8 40.0 114.0 162.0 235.0 157.0 157.0 156.0 188.0 188.0 179.0 258.0 253.0 251.0 239.0 258.0 245.0 203.0 215.0 195.0 187.0 172.0 207.0 175.0 157.0 177.0 101.0 295.0 120.0 133.0
143.0 169.0 132.0 148.0 113.0 34.0 31.0 1.0e8 88.0 133.0 209.0 131.0 131.0 130.0 162.0 169.0 165.0 232.0 227.0 237.0 247.0 266.0 263.0 221.0 201.0 181.0 173.0 190.0 225.0 193.0 175.0 195.0 119.0 269.0 94.0 151.0
95.0 121.0 177.0 160.0 196.0 54.0 101.0 88.0 1.0e8 48.0 158.0 83.0 83.0 82.0 114.0 121.0 117.0 184.0 179.0 189.0 199.0 218.0 235.0 193.0 153.0 133.0 125.0 162.0 215.0 244.0 195.0 236.0 188.0 221.0 46.0 161.0
79.0 105.0 161.0 144.0 181.0 91.0 138.0 125.0 37.0 1.0e8 114.0 67.0 67.0 66.0 98.0 105.0 101.0 137.0 132.0 149.0 183.0 202.0 219.0 177.0 137.0 117.0 109.0 146.0 199.0 228.0 179.0 220.0 172.0 174.0 57.0 145.0
204.0 230.0 286.0 269.0 306.0 216.0 255.0 237.0 162.0 125.0 1.0e8 192.0 192.0 191.0 223.0 230.0 226.0 144.0 139.0 156.0 184.0 165.0 230.0 215.0 249.0 242.0 234.0 251.0 282.0 332.0 297.0 325.0 297.0 113.0 182.0 270.0
38.0 64.0 120.0 103.0 140.0 88.0 135.0 122.0 57.0 105.0 87.0 1.0e8 28.0 25.0 31.0 38.0 47.0 110.0 105.0 122.0 142.0 161.0 178.0 136.0 96.0 76.0 68.0 105.0 158.0 187.0 138.0 179.0 131.0 147.0 50.0 104.0
151.0 177.0 221.0 216.0 202.0 60.0 107.0 94.0 96.0 144.0 217.0 139.0 1.0e8 138.0 170.0 177.0 173.0 240.0 235.0 245.0 255.0 274.0 291.0 249.0 209.0 189.0 181.0 218.0 271.0 282.0 251.0 284.0 208.0 277.0 102.0 217.0
13.0 39.0 95.0 78.0 115.0 87.0 134.0 121.0 56.0 104.0 112.0 25.0 27.0 1.0e8 32.0 39.0 35.0 116.0 130.0 107.0 117.0 136.0 153.0 111.0 71.0 51.0 43.0 80.0 133.0 162.0 113.0 154.0 106.0 172.0 49.0 79.0
38.0 48.0 104.0 87.0 124.0 119.0 166.0 153.0 88.0 136.0 118.0 31.0 59.0 32.0 1.0e8 7.0 16.0 123.0 136.0 114.0 124.0 143.0 160.0 118.0 78.0 58.0 50.0 87.0 140.0 169.0 120.0 161.0 115.0 178.0 81.0 88.0
31.0 41.0 97.0 80.0 117.0 115.0 162.0 149.0 84.0 132.0 114.0 27.0 55.0 28.0 7.0 1.0e8 9.0 116.0 132.0 107.0 117.0 136.0 153.0 111.0 71.0 51.0 43.0 80.0 133.0 162.0 113.0 154.0 108.0 174.0 77.0 81.0
22.0 32.0 88.0 71.0 108.0 122.0 169.0 156.0 91.0 139.0 123.0 36.0 62.0 35.0 16.0 9.0 1.0e8 107.0 141.0 98.0 108.0 127.0 144.0 102.0 62.0 42.0 34.0 71.0 124.0 153.0 104.0 145.0 99.0 166.0 84.0 72.0
108.0 134.0 190.0 173.0 210.0 133.0 180.0 167.0 93.0 113.0 60.0 96.0 96.0 95.0 127.0 134.0 130.0 1.0e8 46.0 63.0 116.0 135.0 162.0 147.0 166.0 146.0 138.0 175.0 221.0 257.0 208.0 249.0 201.0 120.0 86.0 174.0
127.0 153.0 209.0 192.0 229.0 152.0 199.0 186.0 112.0 132.0 79.0 115.0 115.0 114.0 146.0 153.0 149.0 19.0 1.0e8 17.0 70.0 89.0 116.0 101.0 135.0 148.0 157.0 137.0 175.0 219.0 183.0 211.0 220.0 85.0 105.0 193.0
153.0 179.0 235.0 218.0 255.0 178.0 225.0 212.0 138.0 158.0 105.0 141.0 141.0 140.0 172.0 179.0 175.0 45.0 57.0 1.0e8 53.0 72.0 99.0 84.0 118.0 131.0 183.0 120.0 158.0 202.0 166.0 194.0 241.0 68.0 131.0 214.0
179.0 165.0 199.0 204.0 219.0 243.0 290.0 277.0 203.0 223.0 165.0 206.0 206.0 192.0 199.0 192.0 183.0 110.0 112.0 82.0 1.0e8 19.0 46.0 31.0 65.0 78.0 149.0 67.0 105.0 149.0 113.0 141.0 188.0 95.0 196.0 161.0
212.0 205.0 239.0 244.0 259.0 237.0 284.0 271.0 197.0 217.0 146.0 200.0 200.0 199.0 231.0 232.0 223.0 104.0 93.0 63.0 40.0 1.0e8 67.0 71.0 105.0 118.0 189.0 107.0 117.0 167.0 153.0 181.0 228.0 76.0 190.0 201.0
184.0 170.0 204.0 209.0 224.0 248.0 295.0 282.0 208.0 228.0 175.0 211.0 211.0 197.0 204.0 197.0 188.0 115.0 150.0 106.0 72.0 57.0 1.0e8 36.0 70.0 83.0 154.0 72.0 59.0 109.0 118.0 146.0 193.0 133.0 201.0 166.0
148.0 134.0 168.0 173.0 188.0 212.0 259.0 246.0 172.0 192.0 139.0 175.0 175.0 161.0 168.0 161.0 152.0 79.0 125.0 70.0 36.0 55.0 82.0 1.0e8 34.0 47.0 118.0 36.0 89.0 118.0 82.0 110.0 157.0 131.0 165.0 130.0
153.0 146.0 180.0 185.0 200.0 178.0 225.0 212.0 138.0 158.0 105.0 141.0 141.0 140.0 172.0 173.0 164.0 45.0 91.0 36.0 46.0 65.0 92.0 77.0 1.0e8 59.0 130.0 48.0 101.0 130.0 94.0 122.0 169.0 104.0 131.0 142.0
173.0 166.0 200.0 205.0 220.0 198.0 245.0 232.0 158.0 178.0 125.0 161.0 161.0 160.0 192.0 193.0 184.0 65.0 111.0 56.0 66.0 85.0 112.0 97.0 20.0 1.0e8 150.0 68.0 121.0 150.0 114.0 142.0 189.0 124.0 151.0 162.0
30.0 16.0 72.0 55.0 92.0 125.0 172.0 156.0 99.0 147.0 133.0 68.0 70.0 43.0 50.0 43.0 34.0 73.0 119.0 64.0 74.0 93.0 110.0 68.0 28.0 8.0 1.0e8 37.0 90.0 119.0 70.0 111.0 83.0 132.0 92.0 56.0
112.0 98.0 132.0 137.0 152.0 185.0 232.0 216.0 181.0 223.0 170.0 150.0 152.0 125.0 132.0 125.0 116.0 110.0 156.0 101.0 67.0 86.0 73.0 31.0 65.0 78.0 82.0 1.0e8 53.0 82.0 46.0 74.0 121.0 162.0 174.0 94.0
144.0 130.0 164.0 169.0 184.0 217.0 256.0 225.0 213.0 261.0 234.0 182.0 184.0 157.0 164.0 157.0 148.0 174.0 209.0 165.0 131.0 116.0 59.0 95.0 129.0 122.0 114.0 93.0 1.0e8 50.0 78.0 92.0 147.0 192.0 206.0 126.0
94.0 80.0 114.0 119.0 134.0 167.0 214.0 198.0 163.0 211.0 197.0 132.0 134.0 107.0 114.0 107.0 98.0 137.0 183.0 128.0 110.0 129.0 81.0 74.0 92.0 72.0 64.0 43.0 57.0 1.0e8 28.0 56.0 103.0 196.0 156.0 76.0
66.0 52.0 101.0 91.0 121.0 154.0 201.0 185.0 135.0 183.0 169.0 104.0 106.0 79.0 86.0 79.0 70.0 109.0 155.0 100.0 82.0 101.0 88.0 46.0 64.0 44.0 36.0 15.0 68.0 97.0 1.0e8 89.0 90.0 168.0 128.0 63.0
129.0 124.0 86.0 102.0 106.0 139.0 186.0 170.0 193.0 241.0 241.0 167.0 139.0 142.0 158.0 151.0 142.0 181.0 227.0 172.0 154.0 173.0 160.0 118.0 136.0 116.0 108.0 87.0 140.0 168.0 72.0 1.0e8 75.0 240.0 191.0 48.0
113.0 108.0 70.0 86.0 51.0 84.0 131.0 115.0 138.0 186.0 225.0 151.0 123.0 126.0 142.0 135.0 126.0 165.0 211.0 156.0 138.0 157.0 144.0 102.0 120.0 100.0 92.0 71.0 124.0 93.0 56.0 95.0 1.0e8 224.0 144.0 32.0
146.0 172.0 228.0 211.0 248.0 171.0 218.0 205.0 131.0 151.0 80.0 134.0 134.0 133.0 165.0 172.0 168.0 38.0 27.0 44.0 75.0 76.0 121.0 106.0 140.0 153.0 176.0 142.0 180.0 224.0 188.0 216.0 239.0 1.0e8 124.0 212.0
102.0 128.0 184.0 167.0 203.0 61.0 108.0 95.0 7.0 55.0 165.0 90.0 90.0 89.0 121.0 128.0 124.0 191.0 186.0 196.0 206.0 225.0 242.0 200.0 160.0 140.0 132.0 169.0 222.0 251.0 202.0 243.0 195.0 228.0 1.0e8 168.0
81.0 95.0 38.0 54.0 58.0 91.0 138.0 122.0 145.0 193.0 206.0 119.0 91.0 94.0 119.0 112.0 103.0 184.0 224.0 175.0 165.0 184.0 171.0 129.0 139.0 119.0 111.0 98.0 151.0 120.0 83.0 122.0 27.0 243.0 143.0 0.0
