Problem name,experiment number,distance,time (seconds)
att48,0,10965,12.2888
att48,1,11135,12.0993
att48,2,11135,12.0926
att48,3,11135,12.0961
att48,4,10896,12.0058
att48,5,11115,11.9825
att48,6,10912,11.9879
att48,7,10957,11.9968
att48,8,11193,12.0825
att48,9,11152,12.0658
att48,10,11135,12.106
att48,11,11125,12.0615
att48,12,10921,12.0598
att48,13,11123,12.0948
att48,14,10965,12.0888
att48,15,10957,12.1677
att48,16,11120,12.1812
att48,17,10928,12.1381
att48,18,11127,12.1453
att48,19,10965,12.138
att48,20,11078,12.1681
att48,21,10957,12.1485
att48,22,10913,12.139
att48,23,11135,12.1433
att48,24,10854,12.1779
att48,25,11038,12.1781
att48,26,11181,12.1754
att48,27,10921,12.1617
att48,28,10957,12.1535
att48,29,11043,12.1388
bayg29,0,1649,4.51196
bayg29,1,1649,4.49738
bayg29,2,1662,4.49841
bayg29,3,1661,4.49902
bayg29,4,1652,4.49232
bayg29,5,1662,4.48943
bayg29,6,1655,4.50403
bayg29,7,1649,4.49088
bayg29,8,1652,4.5044
bayg29,9,1652,4.50057
bayg29,10,1662,4.49301
bayg29,11,1652,4.49147
bayg29,12,1652,4.51658
bayg29,13,1652,4.49348
bayg29,14,1655,4.49197
bayg29,15,1652,4.49433
bayg29,16,1649,4.50109
bayg29,17,1662,4.49369
bayg29,18,1649,4.49976
bayg29,19,1662,4.4955
bayg29,20,1652,4.50232
bayg29,21,1652,4.49485
bayg29,22,1657,4.50328
bayg29,23,1649,4.49535
bayg29,24,1662,4.5106
bayg29,25,1649,4.50459
bayg29,26,1648,4.49815
bayg29,27,1649,4.49247
bayg29,28,1648,4.49719
bayg29,29,1662,4.49824
bays29,0,2020,4.53519
bays29,1,2020,4.5589
bays29,2,2020,4.53062
bays29,3,2022,4.52661
bays29,4,2020,4.57725
bays29,5,2020,4.60183
bays29,6,2020,4.55708
bays29,7,2026,4.53463
bays29,8,2020,4.53758
bays29,9,2020,4.55054
bays29,10,2026,4.57554
bays29,11,2020,4.54847
bays29,12,2020,4.54246
bays29,13,2020,4.53482
bays29,14,2020,4.56478
bays29,15,2020,4.54117
bays29,16,2020,4.5325
bays29,17,2020,4.55084
bays29,18,2020,4.56832
bays29,19,2022,4.5406
bays29,20,2020,4.54889
bays29,21,2020,4.54263
bays29,22,2020,4.56713
bays29,23,2020,4.54462
bays29,24,2020,4.5392
bays29,25,2020,4.54763
bays29,26,2020,4.56238
bays29,27,2022,4.54227
bays29,28,2020,4.54483
bays29,29,2020,4.53563
berlin52,0,7548.99,13.9672
berlin52,1,7548.99,13.9749
berlin52,2,7548.99,13.9336
berlin52,3,7606.66,13.9496
berlin52,4,7663.59,13.9347
berlin52,5,7641.79,13.9659
berlin52,6,7677.66,13.9393
berlin52,7,7548.99,13.9367
berlin52,8,7677.66,13.9379
berlin52,9,7624.7,13.9645
berlin52,10,7677.66,13.9351
berlin52,11,7663.59,13.9306
berlin52,12,7663.59,13.9422
berlin52,13,7669.29,13.9734
berlin52,14,7677.66,13.9261
berlin52,15,7677.66,13.9369
berlin52,16,7548.99,13.9438
berlin52,17,7590.26,13.9679
berlin52,18,7675.52,13.9489
berlin52,19,7663.59,13.938
berlin52,20,7548.99,13.9311
berlin52,21,7677.66,13.9663
berlin52,22,7663.59,13.9292
berlin52,23,7675.49,13.9328
berlin52,24,7548.99,13.945
berlin52,25,7663.59,13.9438
berlin52,26,7548.99,13.9317
berlin52,27,7548.99,13.9389
berlin52,28,7663.59,13.9634
berlin52,29,7548.99,13.948
br17,0,39,1.56791
br17,1,39,1.56777
br17,2,39,1.56343
br17,3,39,1.57391
br17,4,39,1.58588
br17,5,39,1.58961
br17,6,39,1.59845
br17,7,39,1.62029
br17,8,39,1.59111
br17,9,39,1.59436
br17,10,39,1.59087
br17,11,39,1.59872
br17,12,39,1.59918
br17,13,39,1.60123
br17,14,39,1.59757
br17,15,39,1.59946
br17,16,39,1.60515
br17,17,39,1.59744
br17,18,39,1.59366
br17,19,39,1.59862
br17,20,39,1.60409
br17,21,39,1.59557
br17,22,39,1.59763
br17,23,39,1.59941
br17,24,39,1.62339
br17,25,39,1.60044
br17,26,39,1.5866
br17,27,39,1.59432
br17,28,39,1.59183
br17,29,39,1.59946
brazil58,0,26284,16.9979
brazil58,1,26284,17.0192
brazil58,2,26284,16.9852
brazil58,3,26248,16.9843
brazil58,4,25906,16.9951
brazil58,5,26284,16.9865
brazil58,6,26012,16.9902
brazil58,7,26284,16.9894
brazil58,8,26248,16.9885
brazil58,9,26284,16.9868
brazil58,10,26263,17.0223
brazil58,11,26266,16.9979
brazil58,12,26120,16.986
brazil58,13,26284,16.9968
brazil58,14,26284,16.9835
brazil58,15,26284,16.9844
brazil58,16,26042,16.9929
brazil58,17,26012,16.9853
brazil58,18,26284,16.9578
brazil58,19,26000,16.9693
brazil58,20,26002,16.972
brazil58,21,25915,16.9604
brazil58,22,26284,16.9772
brazil58,23,26284,16.9603
brazil58,24,26284,16.9947
brazil58,25,26000,16.9836
brazil58,26,26284,16.9993
brazil58,27,26000,16.9976
brazil58,28,26284,16.9836
brazil58,29,26246,16.9864
burma14,0,3323,1.1685
burma14,1,3323,1.13711
burma14,2,3323,1.13688
burma14,3,3323,1.13293
burma14,4,3323,1.13642
burma14,5,3323,1.13376
burma14,6,3323,1.13952
burma14,7,3323,1.17041
burma14,8,3323,1.13201
burma14,9,3323,1.13668
burma14,10,3323,1.14979
burma14,11,3323,1.13612
burma14,12,3323,1.13369
burma14,13,3323,1.13452
burma14,14,3323,1.16851
burma14,15,3323,1.14199
burma14,16,3323,1.13222
burma14,17,3323,1.14121
burma14,18,3323,1.13979
burma14,19,3323,1.13385
burma14,20,3323,1.14013
burma14,21,3323,1.16809
burma14,22,3323,1.13694
burma14,23,3323,1.13832
burma14,24,3323,1.14617
burma14,25,3323,1.13644
burma14,26,3323,1.13252
burma14,27,3323,1.13145
burma14,28,3323,1.17702
burma14,29,3323,1.13468
dantzig42,0,727,9.09357
dantzig42,1,731,9.12392
dantzig42,2,737,9.08791
dantzig42,3,716,9.1193
dantzig42,4,735,9.09697
dantzig42,5,718,9.09818
dantzig42,6,733,9.09513
dantzig42,7,722,9.10116
dantzig42,8,723,9.0997
dantzig42,9,707,9.0979
dantzig42,10,709,9.09533
dantzig42,11,722,9.09624
dantzig42,12,738,9.09571
dantzig42,13,734,9.09558
dantzig42,14,727,9.09756
dantzig42,15,716,9.09779
dantzig42,16,730,9.10111
dantzig42,17,728,9.09602
dantzig42,18,716,9.09251
dantzig42,19,726,9.09605
dantzig42,20,738,9.09653
dantzig42,21,722,9.10111
dantzig42,22,737,9.09674
dantzig42,23,723,9.09284
dantzig42,24,700,9.0985
dantzig42,25,726,9.09679
dantzig42,26,722,9.10382
dantzig42,27,727,9.10689
dantzig42,28,736,9.09672
dantzig42,29,707,9.09834
eil76,0,566.129,29.9267
eil76,1,569.748,29.9096
eil76,2,572.21,29.9
eil76,3,569.748,29.9101
eil76,4,571.417,29.9204
eil76,5,569.236,29.9457
eil76,6,572.475,29.9179
eil76,7,569.229,29.9066
eil76,8,569.748,29.9366
eil76,9,572.495,29.9123
eil76,10,565.226,29.9158
eil76,11,572.495,29.9421
eil76,12,569.057,29.9242
eil76,13,569.057,29.908
eil76,14,572.495,29.9247
eil76,15,572.495,29.9077
eil76,16,572.495,29.9125
eil76,17,569.748,29.938
eil76,18,569.726,29.9017
eil76,19,571.571,29.9184
eil76,20,565.818,29.9145
eil76,21,572.495,29.901
eil76,22,569.748,29.931
eil76,23,569.748,29.9047
eil76,24,572.495,29.9076
eil76,25,572.495,29.9345
eil76,26,568.51,29.9101
eil76,27,570.446,29.9049
eil76,28,570.649,29.9092
eil76,29,569.748,29.8991
fri26,0,937,3.66796
fri26,1,937,3.63524
fri26,2,937,3.63478
fri26,3,937,3.6355
fri26,4,937,3.67193
fri26,5,937,3.63407
fri26,6,937,3.63416
fri26,7,937,3.64147
fri26,8,937,3.63531
fri26,9,937,3.66287
fri26,10,937,3.63484
fri26,11,937,3.63867
fri26,12,937,3.63718
fri26,13,937,3.67642
fri26,14,937,3.64025
fri26,15,937,3.63733
fri26,16,937,3.64091
fri26,17,937,3.66471
fri26,18,937,3.65153
fri26,19,937,3.63769
fri26,20,937,3.63916
fri26,21,937,3.66605
fri26,22,937,3.63187
fri26,23,937,3.63758
fri26,24,937,3.63637
fri26,25,937,3.63672
fri26,26,937,3.66251
fri26,27,937,3.64189
fri26,28,937,3.63532
fri26,29,937,3.64068
ft53,0,7568,13.3698
ft53,1,7748,13.3659
ft53,2,7874,13.3499
ft53,3,7830,13.3508
ft53,4,7820,13.3552
ft53,5,7726,13.3862
ft53,6,7785,13.3794
ft53,7,7748,13.3735
ft53,8,7806,13.3466
ft53,9,7850,13.3628
ft53,10,7931,13.3572
ft53,11,7899,13.3561
ft53,12,7680,13.384
ft53,13,7831,13.3779
ft53,14,7714,13.3902
ft53,15,7679,13.3526
ft53,16,7875,13.3504
ft53,17,7798,13.3539
ft53,18,7831,13.359
ft53,19,7799,13.3827
ft53,20,7850,13.3762
ft53,21,7726,13.3872
ft53,22,7726,13.3551
ft53,23,7750,13.353
ft53,24,7645,13.35
ft53,25,7799,13.3535
ft53,26,7792,13.3812
ft53,27,7803,13.3772
ft53,28,7685,13.3494
ft53,29,7797,13.3609
ft70,0,40303,25.2211
ft70,1,40423,25.2247
ft70,2,40233,25.2238
ft70,3,40259,25.2591
ft70,4,40268,25.2309
ft70,5,40182,25.2244
ft70,6,40010,25.239
ft70,7,40259,25.2553
ft70,8,39633,25.2273
ft70,9,40022,25.2239
ft70,10,40201,25.237
ft70,11,39930,25.2341
ft70,12,40129,25.2541
ft70,13,40190,25.2289
ft70,14,40281,25.2327
ft70,15,40302,25.2292
ft70,16,39992,25.2508
ft70,17,40240,25.2363
ft70,18,40104,25.2337
ft70,19,40210,25.2265
ft70,20,40266,25.2559
ft70,21,40160,25.2228
ft70,22,40211,25.235
ft70,23,40283,25.2236
ft70,24,39787,25.2236
ft70,25,40231,25.228
ft70,26,40141,25.2513
ft70,27,40322,25.2265
ft70,28,39855,25.2321
ft70,29,39966,25.2209
ftv33,0,1327,5.49102
ftv33,1,1331,5.44608
ftv33,2,1349,5.46469
ftv33,3,1327,5.47647
ftv33,4,1327,5.44358
ftv33,5,1331,5.44608
ftv33,6,1327,5.45029
ftv33,7,1327,5.46352
ftv33,8,1331,5.44924
ftv33,9,1353,5.45228
ftv33,10,1327,5.47699
ftv33,11,1327,5.44885
ftv33,12,1327,5.44648
ftv33,13,1331,5.44371
ftv33,14,1304,5.47316
ftv33,15,1331,5.4548
ftv33,16,1341,5.44842
ftv33,17,1331,5.47134
ftv33,18,1327,5.45422
ftv33,19,1327,5.45982
ftv33,20,1319,5.4795
ftv33,21,1327,5.45805
ftv33,22,1327,5.44803
ftv33,23,1369,5.46103
ftv33,24,1327,5.45241
ftv33,25,1322,5.44722
ftv33,26,1331,5.45091
ftv33,27,1327,5.47497
ftv33,28,1327,5.45053
ftv33,29,1327,5.44555
ftv35,0,1454,6.07156
ftv35,1,1470,6.04781
ftv35,2,1449,6.0434
ftv35,3,1449,6.04211
ftv35,4,1449,6.06977
ftv35,5,1449,6.0468
ftv35,6,1454,6.04319
ftv35,7,1454,6.04402
ftv35,8,1445,6.07145
ftv35,9,1449,6.04192
ftv35,10,1449,6.03979
ftv35,11,1445,6.05325
ftv35,12,1468,6.0495
ftv35,13,1454,6.04497
ftv35,14,1438,6.03971
ftv35,15,1449,6.04067
ftv35,16,1449,6.06945
ftv35,17,1447,6.04641
ftv35,18,1449,6.03868
ftv35,19,1454,6.04134
ftv35,20,1454,6.05875
ftv35,21,1449,6.04579
ftv35,22,1445,6.04143
ftv35,23,1445,6.03913
ftv35,24,1454,6.0692
ftv35,25,1457,6.04758
ftv35,26,1471,6.04061
ftv35,27,1453,6.04953
ftv35,28,1449,6.05741
ftv35,29,1454,6.04775
ftv38,0,1606,7.12937
ftv38,1,1658,7.13786
ftv38,2,1624,7.15477
ftv38,3,1588,7.14281
ftv38,4,1661,7.13605
ftv38,5,1636,7.13353
ftv38,6,1606,7.16284
ftv38,7,1669,7.13502
ftv38,8,1660,7.13886
ftv38,9,1667,7.14316
ftv38,10,1630,7.16337
ftv38,11,1671,7.13082
ftv38,12,1626,7.12714
ftv38,13,1633,7.1493
ftv38,14,1606,7.13687
ftv38,15,1610,7.12986
ftv38,16,1637,7.14115
ftv38,17,1609,7.16059
ftv38,18,1619,7.13899
ftv38,19,1641,7.13143
ftv38,20,1628,7.14992
ftv38,21,1607,7.17432
ftv38,22,1645,7.13125
ftv38,23,1606,7.13029
ftv38,24,1606,7.16258
ftv38,25,1622,7.16199
ftv38,26,1642,7.1346
ftv38,27,1626,7.13924
ftv38,28,1632,7.14276
ftv38,29,1606,7.1357
ftv44,0,1780,9.54411
ftv44,1,1780,9.54013
ftv44,2,1820,9.56432
ftv44,3,1780,9.57685
ftv44,4,1780,9.54534
ftv44,5,1780,9.54248
ftv44,6,1776,9.54554
ftv44,7,1780,9.57033
ftv44,8,1780,9.58158
ftv44,9,1780,9.54312
ftv44,10,1780,9.5425
ftv44,11,1777,9.53898
ftv44,12,1780,9.56482
ftv44,13,1780,9.54647
ftv44,14,1780,9.54398
ftv44,15,1780,9.53789
ftv44,16,1780,9.5673
ftv44,17,1780,9.57344
ftv44,18,1780,9.53794
ftv44,19,1780,9.54372
ftv44,20,1780,9.54034
ftv44,21,1739,9.56682
ftv44,22,1780,9.54495
ftv44,23,1776,9.54174
ftv44,24,1780,9.54864
ftv44,25,1780,9.57008
ftv44,26,1797,9.57778
ftv44,27,1780,9.5438
ftv44,28,1780,9.53797
ftv44,29,1780,9.53997
ftv47,0,1772,10.5676
ftv47,1,1746,10.589
ftv47,2,1755,10.5368
ftv47,3,1762,10.5569
ftv47,4,1770,10.5411
ftv47,5,1772,10.5777
ftv47,6,1772,10.5634
ftv47,7,1752,10.5467
ftv47,8,1772,10.5335
ftv47,9,1777,10.5369
ftv47,10,1770,10.5732
ftv47,11,1750,10.5374
ftv47,12,1754,10.5376
ftv47,13,1741,10.5406
ftv47,14,1755,10.5713
ftv47,15,1741,10.5462
ftv47,16,1723,10.5354
ftv47,17,1750,10.5448
ftv47,18,1762,10.5766
ftv47,19,1770,10.5771
ftv47,20,1760,10.5453
ftv47,21,1756,10.5344
ftv47,22,1780,10.5363
ftv47,23,1773,10.5681
ftv47,24,1750,10.5485
ftv47,25,1768,10.5352
ftv47,26,1747,10.5407
ftv47,27,1759,10.5713
ftv47,28,1755,10.5525
ftv47,29,1772,10.5369
ftv55,0,1649,14.6581
ftv55,1,1639,14.6555
ftv55,2,1657,14.6811
ftv55,3,1678,14.6542
ftv55,4,1653,14.662
ftv55,5,1662,14.6768
ftv55,6,1689,14.6584
ftv55,7,1606,14.6758
ftv55,8,1626,14.648
ftv55,9,1685,14.6632
ftv55,10,1691,14.6531
ftv55,11,1655,14.6679
ftv55,12,1660,14.6609
ftv55,13,1665,14.6551
ftv55,14,1668,14.6715
ftv55,15,1663,14.6907
ftv55,16,1681,14.6831
ftv55,17,1684,14.66
ftv55,18,1597,14.6538
ftv55,19,1665,14.6748
ftv55,20,1608,14.6489
ftv55,21,1678,14.6562
ftv55,22,1678,14.6782
ftv55,23,1640,14.6714
ftv55,24,1685,14.6538
ftv55,25,1676,14.6582
ftv55,26,1636,14.6555
ftv55,27,1624,14.6534
ftv55,28,1663,14.6854
ftv55,29,1640,14.6664
ftv64,0,1948,19.2957
ftv64,1,1950,19.2631
ftv64,2,1960,19.2643
ftv64,3,1949,19.2814
ftv64,4,1921,19.272
ftv64,5,1920,19.2888
ftv64,6,1937,19.2706
ftv64,7,1981,19.2654
ftv64,8,1938,19.2731
ftv64,9,1994,19.2739
ftv64,10,1973,19.303
ftv64,11,1955,19.2729
ftv64,12,1967,19.2927
ftv64,13,1939,19.27
ftv64,14,1967,19.2639
ftv64,15,1942,19.2706
ftv64,16,1950,19.2723
ftv64,17,1950,19.2977
ftv64,18,1947,19.2684
ftv64,19,1988,19.2688
ftv64,20,1935,19.2737
ftv64,21,1994,19.2732
ftv64,22,1970,19.2852
ftv64,23,1942,19.2743
ftv64,24,1942,19.2995
ftv64,25,1950,19.273
ftv64,26,1950,19.2747
ftv64,27,1975,19.2756
ftv64,28,1991,19.2695
ftv64,29,1944,19.2993
ftv70,0,2202,23.2354
ftv70,1,2171,23.2433
ftv70,2,2177,23.246
ftv70,3,2181,23.2436
ftv70,4,2172,23.2385
ftv70,5,2214,23.2384
ftv70,6,2188,23.2632
ftv70,7,2163,23.2381
ftv70,8,2195,23.2498
ftv70,9,2173,23.2823
ftv70,10,2134,23.2538
ftv70,11,2158,23.2365
ftv70,12,2194,23.2711
ftv70,13,2158,23.2293
ftv70,14,2183,23.2323
ftv70,15,2212,23.2426
ftv70,16,2214,23.2518
ftv70,17,2188,23.2459
ftv70,18,2189,23.233
ftv70,19,2172,23.2398
ftv70,20,2181,23.2663
ftv70,21,2221,23.2356
ftv70,22,2159,23.2418
ftv70,23,2177,23.2804
ftv70,24,2160,23.2316
ftv70,25,2182,23.2412
ftv70,26,2162,23.2358
ftv70,27,2199,23.2601
ftv70,28,2172,23.2525
ftv70,29,2158,23.2368
gr17,0,2088,1.62112
gr17,1,2088,1.63607
gr17,2,2094,1.62476
gr17,3,2085,1.61128
gr17,4,2085,1.61182
gr17,5,2085,1.60581
gr17,6,2085,1.61376
gr17,7,2085,1.61914
gr17,8,2085,1.61578
gr17,9,2085,1.61298
gr17,10,2085,1.61303
gr17,11,2094,1.62113
gr17,12,2085,1.64179
gr17,13,2085,1.62317
gr17,14,2085,1.61213
gr17,15,2085,1.62063
gr17,16,2085,1.6059
gr17,17,2085,1.6122
gr17,18,2085,1.63772
gr17,19,2085,1.60774
gr17,20,2094,1.61031
gr17,21,2085,1.61639
gr17,22,2094,1.64228
gr17,23,2094,1.62475
gr17,24,2085,1.60372
gr17,25,2085,1.6083
gr17,26,2085,1.61232
gr17,27,2085,1.60662
gr17,28,2085,1.6118
gr17,29,2085,1.61044
gr21,0,2707,2.38884
gr21,1,2707,2.38668
gr21,2,2707,2.38225
gr21,3,2707,2.38876
gr21,4,2707,2.38661
gr21,5,2707,2.38937
gr21,6,2707,2.39014
gr21,7,2707,2.3932
gr21,8,2707,2.42547
gr21,9,2707,2.39125
gr21,10,2707,2.38363
gr21,11,2707,2.39993
gr21,12,2707,2.39718
gr21,13,2707,2.39133
gr21,14,2707,2.40278
gr21,15,2707,2.39938
gr21,16,2707,2.39741
gr21,17,2707,2.41057
gr21,18,2707,2.39268
gr21,19,2707,2.39281
gr21,20,2707,2.3968
gr21,21,2707,2.40027
gr21,22,2707,2.40238
gr21,23,2707,2.40428
gr21,24,2707,2.395
gr21,25,2707,2.40855
gr21,26,2707,2.3966
gr21,27,2707,2.39195
gr21,28,2707,2.40189
gr21,29,2707,2.40208
gr24,0,1272,3.14561
gr24,1,1272,3.16316
gr24,2,1272,3.14697
gr24,3,1272,3.14182
gr24,4,1278,3.14556
gr24,5,1272,3.16989
gr24,6,1272,3.15085
gr24,7,1272,3.14659
gr24,8,1272,3.14064
gr24,9,1272,3.173
gr24,10,1272,3.17698
gr24,11,1272,3.14415
gr24,12,1272,3.14116
gr24,13,1272,3.14035
gr24,14,1272,3.16669
gr24,15,1272,3.14485
gr24,16,1272,3.13991
gr24,17,1272,3.1389
gr24,18,1272,3.17259
gr24,19,1278,3.14713
gr24,20,1272,3.14062
gr24,21,1272,3.1434
gr24,22,1272,3.16905
gr24,23,1272,3.14132
gr24,24,1272,3.13911
gr24,25,1272,3.14094
gr24,26,1272,3.17154
gr24,27,1272,3.14084
gr24,28,1272,3.14299
gr24,29,1272,3.13946
gr48,0,5346,11.9643
gr48,1,5379,11.9326
gr48,2,5362,11.9383
gr48,3,5351,11.9329
gr48,4,5379,11.962
gr48,5,5315,11.9317
gr48,6,5332,11.933
gr48,7,5379,11.9396
gr48,8,5379,11.9253
gr48,9,5351,11.933
gr48,10,5379,11.9306
gr48,11,5379,11.936
gr48,12,5379,11.9309
gr48,13,5379,11.9376
gr48,14,5379,11.963
gr48,15,5379,11.9275
gr48,16,5294,11.9322
gr48,17,5376,11.9473
gr48,18,5371,11.9675
gr48,19,5379,11.9566
gr48,20,5379,11.9348
gr48,21,5351,11.9277
gr48,22,5379,11.9621
gr48,23,5379,11.9428
gr48,24,5360,11.9315
gr48,25,5379,11.939
gr48,26,5355,11.9333
gr48,27,5357,11.9369
gr48,28,5346,11.9342
gr48,29,5312,11.9543
gr96,0,58515,46.5027
gr96,1,59238,46.4719
gr96,2,59265,46.5331
gr96,3,59107,46.4848
gr96,4,58519,46.5299
gr96,5,59403,46.4971
gr96,6,58626,46.4936
gr96,7,59461,46.5178
gr96,8,58610,46.4956
gr96,9,59353,46.492
gr96,10,58780,46.4836
gr96,11,59246,46.4871
gr96,12,59461,46.485
gr96,13,58649,46.4864
gr96,14,58526,46.4819
gr96,15,58423,46.4933
gr96,16,58574,46.4916
gr96,17,58680,46.4992
gr96,18,59209,46.5283
gr96,19,59243,46.5104
gr96,20,59466,46.4982
gr96,21,59210,46.5027
gr96,22,58883,46.5079
gr96,23,59292,46.5272
gr96,24,59377,46.5191
gr96,25,59461,46.494
gr96,26,58988,46.5278
gr96,27,58990,46.4912
gr96,28,59058,46.49
gr96,29,58566,46.5033
hk48,0,11518,12.2422
hk48,1,11470,12.2419
hk48,2,11470,12.2774
hk48,3,11461,12.2459
hk48,4,11461,12.2384
hk48,5,11518,12.2389
hk48,6,11461,12.2632
hk48,7,11461,12.2427
hk48,8,11470,12.2416
hk48,9,11470,12.2373
hk48,10,11518,12.2667
hk48,11,11525,12.2359
hk48,12,11470,12.2415
hk48,13,11461,12.2433
hk48,14,11474,12.2729
hk48,15,11461,12.2355
hk48,16,11461,12.2376
hk48,17,11470,12.2438
hk48,18,11461,12.2764
hk48,19,11470,12.2551
hk48,20,11470,12.2435
hk48,21,11518,12.2731
hk48,22,11461,12.2377
hk48,23,11461,12.246
hk48,24,11461,12.2362
hk48,25,11525,12.2653
hk48,26,11470,12.2473
hk48,27,11461,12.2435
hk48,28,11518,12.2371
hk48,29,11470,12.2653
kroA100,0,22582.5,51.8387
kroA100,1,22521.4,51.8358
kroA100,2,22714.1,51.823
kroA100,3,22412.1,51.8257
kroA100,4,22856.6,51.8174
kroA100,5,22477.8,51.8236
kroA100,6,22412.1,51.8519
kroA100,7,22552.2,51.8187
kroA100,8,22387.6,51.7961
kroA100,9,22457.4,51.8273
kroA100,10,22582.5,51.8214
kroA100,11,22457.4,51.8523
kroA100,12,22457.4,51.8387
kroA100,13,22489.3,51.8398
kroA100,14,22430,51.8402
kroA100,15,22738.7,51.8369
kroA100,16,22412.1,51.8169
kroA100,17,22492,51.8337
kroA100,18,22668.1,51.8651
kroA100,19,22457.4,51.8241
kroA100,20,22581.1,51.8358
kroA100,21,22582.5,51.826
kroA100,22,22521,51.8372
kroA100,23,22412.1,51.8376
kroA100,24,22489.3,51.8264
kroA100,25,22457.4,51.7953
kroA100,26,22605.6,51.8175
kroA100,27,22574.6,51.861
kroA100,28,22819.6,51.8227
kroA100,29,22580.1,51.8204
kroB100,0,23207.1,51.6888
kroB100,1,23180.7,51.6691
kroB100,2,23225.3,51.66
kroB100,3,23318,51.6546
kroB100,4,23299.7,51.6517
kroB100,5,23099.9,51.6756
kroB100,6,23316.7,51.6606
kroB100,7,23107.1,51.6561
kroB100,8,23027,51.6734
kroB100,9,23318,51.6489
kroB100,10,23144.3,51.6913
kroB100,11,23260.9,51.6657
kroB100,12,23163.1,51.6785
kroB100,13,22938.5,51.6677
kroB100,14,23316.7,51.6621
kroB100,15,23025.7,51.6665
kroB100,16,23065.2,51.6688
kroB100,17,23250.3,51.6705
kroB100,18,23251.6,51.6565
kroB100,19,23316.7,51.6882
kroB100,20,23173.2,51.6618
kroB100,21,22898.2,51.6571
kroB100,22,23353.8,51.657
kroB100,23,23301,51.6586
kroB100,24,23163.1,51.6812
kroB100,25,23015.8,51.6643
kroB100,26,23094.5,51.6515
kroB100,27,23197.3,51.6518
kroB100,28,23153.2,51.6585
kroB100,29,23318,51.672
kroC100,0,21586.3,51.6929
kroC100,1,21630.6,51.7061
kroC100,2,21589.6,51.7163
kroC100,3,21627.1,51.6993
kroC100,4,21627.1,51.7186
kroC100,5,21706.4,51.6953
kroC100,6,21651.6,51.7071
kroC100,7,21541.7,51.6948
kroC100,8,21627.1,51.6845
kroC100,9,21641.2,51.7295
kroC100,10,21531.3,51.7051
kroC100,11,21665.5,51.6906
kroC100,12,21651.6,51.6995
kroC100,13,21665.5,51.7143
kroC100,14,21651.6,51.7363
kroC100,15,21541.7,51.6891
kroC100,16,21641.2,51.6926
kroC100,17,21646,51.6889
kroC100,18,21589.6,51.6879
kroC100,19,21591.4,51.7236
kroC100,20,21627.1,51.6928
kroC100,21,21627.1,51.707
kroC100,22,21675,51.7597
kroC100,23,21627.1,51.709
kroC100,24,21541.7,51.6882
kroC100,25,21573.9,51.6964
kroC100,26,21589.6,51.6867
kroC100,27,21651.6,51.7165
kroC100,28,21596.6,51.6994
kroC100,29,21541.7,51.7004
kroD100,0,22782,51.6584
kroD100,1,23049.8,51.6206
kroD100,2,23003.2,51.6138
kroD100,3,22778,51.6201
kroD100,4,23051.8,51.6341
kroD100,5,22899.3,51.6262
kroD100,6,23013.2,51.6142
kroD100,7,23126.7,51.6264
kroD100,8,22869.8,51.6085
kroD100,9,22812.4,51.6117
kroD100,10,22993.4,51.6317
kroD100,11,22848.8,51.6027
kroD100,12,22800.5,51.6189
kroD100,13,22963.4,51.6218
kroD100,14,23107.3,51.6215
kroD100,15,22802.9,51.6329
kroD100,16,22708.7,51.6019
kroD100,17,22725.5,51.6015
kroD100,18,23041.6,51.6152
kroD100,19,22891.1,51.6126
kroD100,20,22984.9,51.5969
kroD100,21,22654.5,51.6085
kroD100,22,22659.1,51.6105
kroD100,23,22958.7,51.6454
kroD100,24,22698.4,51.6107
kroD100,25,22996.1,51.6062
kroD100,26,23019,51.6207
kroD100,27,22996.4,51.6091
kroD100,28,22868,51.6738
kroD100,29,23060.7,51.6161
kroE100,0,23805.2,51.4695
kroE100,1,23805.2,51.4522
kroE100,2,23684.5,51.465
kroE100,3,23805.2,51.4809
kroE100,4,23805.2,51.4518
kroE100,5,23478.7,51.4747
kroE100,6,23509,51.4534
kroE100,7,23805.2,51.457
kroE100,8,23876.3,51.4841
kroE100,9,23770.4,51.4549
kroE100,10,23529.9,51.4706
kroE100,11,23501,51.4565
kroE100,12,23775.3,51.4532
kroE100,13,23794.1,51.4766
kroE100,14,23805.2,51.4469
kroE100,15,23805.2,51.443
kroE100,16,23734.4,51.4677
kroE100,17,23864.7,51.4823
kroE100,18,23805.2,51.4965
kroE100,19,23805.2,51.4551
kroE100,20,23805.2,51.508
kroE100,21,23805.2,51.47
kroE100,22,23795.7,51.484
kroE100,23,23784.3,51.4688
kroE100,24,23868.2,51.4997
kroE100,25,23805.2,51.4603
kroE100,26,23854.1,51.4923
kroE100,27,23653.9,51.4564
kroE100,28,23805.2,51.4538
kroE100,29,23716.5,51.4591
p43,0,5631,8.29085
p43,1,5633,8.29721
p43,2,5633,8.27685
p43,3,5635,8.31375
p43,4,5631,8.27484
p43,5,5631,8.30899
p43,6,5636,8.28435
p43,7,5633,8.31168
p43,8,5635,8.27598
p43,9,5636,8.28849
p43,10,5634,8.27371
p43,11,5633,8.2757
p43,12,5631,8.28172
p43,13,5633,8.27599
p43,14,5633,8.30427
p43,15,5633,8.27219
p43,16,5631,8.29964
p43,17,5636,8.27267
p43,18,5633,8.27364
p43,19,5631,8.27686
p43,20,5633,8.27461
p43,21,5631,8.31302
p43,22,5636,8.28221
p43,23,5633,8.30668
p43,24,5631,8.26958
p43,25,5631,8.27312
p43,26,5631,8.2819
p43,27,5636,8.29232
p43,28,5631,8.28942
p43,29,5633,8.28458
pr76,0,118265,28.663
pr76,1,118549,28.6491
pr76,2,117941,28.6326
pr76,3,117219,28.6711
pr76,4,117749,28.64
pr76,5,117197,28.6395
pr76,6,116929,28.6549
pr76,7,115499,28.6481
pr76,8,119142,28.6482
pr76,9,118696,28.6603
pr76,10,118106,28.6654
pr76,11,117624,28.6527
pr76,12,118546,28.6392
pr76,13,117857,28.6635
pr76,14,117999,28.65
pr76,15,117343,28.6269
pr76,16,117832,28.6768
pr76,17,118366,28.6461
pr76,18,117924,28.6511
pr76,19,118218,28.6864
pr76,20,118154,28.6438
pr76,21,118566,28.6487
pr76,22,117293,28.6631
pr76,23,116851,28.6377
pr76,24,118759,28.6395
pr76,25,115222,28.6399
pr76,26,115975,28.6624
pr76,27,116538,28.6469
pr76,28,117480,28.6481
pr76,29,118917,28.6726
rat99,0,1324.18,48.7661
rat99,1,1324.18,48.7436
rat99,2,1321.73,48.7887
rat99,3,1324.18,48.7857
rat99,4,1322.91,48.7642
rat99,5,1329.49,48.7834
rat99,6,1314.99,48.7654
rat99,7,1324.33,48.7933
rat99,8,1324.18,48.7607
rat99,9,1313.22,48.7936
rat99,10,1319.07,48.8044
rat99,11,1329.88,48.7821
rat99,12,1319.3,48.7801
rat99,13,1331.21,48.8048
rat99,14,1325.55,48.7852
rat99,15,1328.91,48.7677
rat99,16,1318.79,48.7877
rat99,17,1327.65,48.7544
rat99,18,1322.91,48.7566
rat99,19,1312.22,48.8104
rat99,20,1331.03,48.7751
rat99,21,1328.06,48.7998
rat99,22,1313.56,48.7612
rat99,23,1327.45,48.7833
rat99,24,1331.42,48.8046
rat99,25,1324.08,48.7617
rat99,26,1338.29,48.7895
rat99,27,1328.39,48.7822
rat99,28,1337.32,48.8051
rat99,29,1323.76,48.7927
rd100,0,8488.66,51.3146
rd100,1,8525.58,51.3469
rd100,2,8493.6,51.3111
rd100,3,8548.89,51.314
rd100,4,8444.12,51.3061
rd100,5,8468.77,51.3141
rd100,6,8506.46,51.3096
rd100,7,8488.66,51.3387
rd100,8,8582.82,51.2973
rd100,9,8546.11,51.3452
rd100,10,8482.38,51.2931
rd100,11,8512.4,51.3111
rd100,12,8512.1,51.3048
rd100,13,8491.08,51.3367
rd100,14,8468.77,51.3165
rd100,15,8493.96,51.295
rd100,16,8491.08,51.346
rd100,17,8506.46,51.3243
rd100,18,8506.46,51.2841
rd100,19,8541.18,51.3342
rd100,20,8417.34,51.3266
rd100,21,8482.38,51.32
rd100,22,8538.87,51.2979
rd100,23,8462.69,51.3064
rd100,24,8518.11,51.3019
rd100,25,8501.68,51.3331
rd100,26,8525.58,51.2949
rd100,27,8506.46,51.2953
rd100,28,8506.46,51.3404
rd100,29,8491.08,51.3056
ry48p,0,15521,12.1185
ry48p,1,15537,12.1583
ry48p,2,15462,12.1267
ry48p,3,15462,12.1232
ry48p,4,15373,12.1428
ry48p,5,15462,12.1218
ry48p,6,15523,12.1188
ry48p,7,15575,12.1419
ry48p,8,15462,12.1317
ry48p,9,15462,12.1285
ry48p,10,15540,12.1301
ry48p,11,15500,12.1358
ry48p,12,15513,12.1243
ry48p,13,15575,12.1284
ry48p,14,15437,12.1207
ry48p,15,15566,12.1219
ry48p,16,15462,12.1439
ry48p,17,15485,12.1264
ry48p,18,15566,12.1309
ry48p,19,15559,12.1333
ry48p,20,15472,12.1197
ry48p,21,15474,12.1177
ry48p,22,15523,12.148
ry48p,23,15472,12.1217
ry48p,24,15566,12.1196
ry48p,25,15540,12.1439
ry48p,26,15433,12.1217
ry48p,27,15397,12.125
ry48p,28,15444,12.1383
ry48p,29,15462,12.1272
st70,0,709.512,25.5271
st70,1,706.62,25.5214
st70,2,713.985,25.5683
st70,3,712.168,25.5234
st70,4,710.129,25.5305
st70,5,712.807,25.5714
st70,6,712.204,25.8538
st70,7,715.986,25.5291
st70,8,714.753,25.5545
st70,9,709.066,25.5387
st70,10,710.299,25.5423
st70,11,710.531,25.5249
st70,12,710.531,25.5648
st70,13,710.039,25.5653
st70,14,715.986,25.5313
st70,15,712.807,25.524
st70,16,715.986,25.5464
st70,17,706.62,25.5661
st70,18,714.67,25.5332
st70,19,714.999,25.5253
st70,20,715.986,25.5231
st70,21,715.986,25.5339
st70,22,710.002,25.5301
st70,23,712.321,25.5318
st70,24,716.122,25.5573
st70,25,705.408,25.5269
st70,26,716.084,25.5278
st70,27,709.236,25.5338
st70,28,711.477,25.5291
st70,29,710.531,25.5265
swiss42,0,1299,9.23727
swiss42,1,1299,9.20875
swiss42,2,1293,9.209
swiss42,3,1299,9.21337
swiss42,4,1287,9.21109
swiss42,5,1299,9.20338
swiss42,6,1299,9.20783
swiss42,7,1299,9.21025
swiss42,8,1299,9.24383
swiss42,9,1299,9.22087
swiss42,10,1295,9.21111
swiss42,11,1299,9.21737
swiss42,12,1299,9.20622
swiss42,13,1299,9.20738
swiss42,14,1294,9.21336
swiss42,15,1299,9.21325
swiss42,16,1299,9.20776
swiss42,17,1299,9.20505
swiss42,18,1299,9.21223
swiss42,19,1291,9.21808
swiss42,20,1299,9.23943
swiss42,21,1299,9.22505
swiss42,22,1297,9.20369
swiss42,23,1299,9.20918
swiss42,24,1299,9.21142
swiss42,25,1299,9.21049
swiss42,26,1299,9.20838
swiss42,27,1299,9.20281
swiss42,28,1299,9.21016
swiss42,29,1299,9.20762
