9.999999e6 223.0 210.0 125.0 245.0 363.0 322.0 388.0 290.0 341.0 267.0 281.0 258.0 247.0 302.0 325.0 311.0 276.0 392.0 475.0 417.0 324.0 372.0 437.0 610.0 310.0 362.0 333.0 498.0 459.0 467.0 352.0 199.0 336.0 305.0 172.0 143.0 273.0 292.0 364.0 262.0 296.0 435.0 423.0 433.0 354.0 509.0 472.0 238.0 185.0 357.0 420.0 344.0
58.0 9.999999e6 179.0 100.0 287.0 155.0 116.0 170.0 74.0 137.0 239.0 260.0 234.0 221.0 282.0 294.0 286.0 251.0 434.0 512.0 409.0 367.0 406.0 410.0 598.0 354.0 353.0 371.0 451.0 490.0 510.0 389.0 244.0 313.0 291.0 210.0 185.0 318.0 329.0 402.0 297.0 81.0 241.0 215.0 292.0 308.0 301.0 262.0 207.0 159.0 300.0 214.0 314.0
60.0 109.0 9.999999e6 80.0 295.0 246.0 209.0 270.0 174.0 225.0 227.0 179.0 221.0 212.0 262.0 131.0 117.0 79.0 382.0 431.0 263.0 309.0 321.0 235.0 452.0 355.0 338.0 324.0 497.0 449.0 360.0 243.0 251.0 140.0 272.0 223.0 189.0 259.0 337.0 388.0 308.0 174.0 340.0 309.0 382.0 396.0 393.0 355.0 198.0 141.0 201.0 302.0 190.0
58.0 115.0 98.0 9.999999e6 285.0 255.0 215.0 279.0 178.0 232.0 154.0 176.0 157.0 136.0 194.0 219.0 207.0 170.0 429.0 516.0 326.0 366.0 411.0 323.0 517.0 344.0 270.0 368.0 541.0 498.0 446.0 323.0 244.0 225.0 203.0 214.0 183.0 314.0 278.0 403.0 301.0 183.0 352.0 311.0 391.0 341.0 410.0 367.0 130.0 76.0 247.0 312.0 236.0
93.0 58.0 63.0 90.0 9.999999e6 194.0 160.0 210.0 117.0 174.0 238.0 235.0 231.0 224.0 280.0 175.0 171.0 133.0 281.0 267.0 221.0 248.0 139.0 286.0 415.0 82.0 136.0 135.0 309.0 264.0 341.0 293.0 231.0 189.0 75.0 253.0 219.0 306.0 360.0 351.0 340.0 123.0 277.0 248.0 288.0 323.0 305.0 256.0 155.0 155.0 152.0 248.0 146.0
531.0 593.0 584.0 499.0 765.0 9.999999e6 344.0 405.0 309.0 360.0 631.0 654.0 632.0 622.0 679.0 697.0 685.0 647.0 909.0 992.0 807.0 847.0 887.0 809.0 999.0 789.0 750.0 848.0 763.0 716.0 763.0 643.0 724.0 539.0 682.0 687.0 664.0 788.0 762.0 881.0 781.0 669.0 832.0 796.0 824.0 825.0 885.0 838.0 90.0 140.0 164.0 70.0 296.0
417.0 484.0 469.0 384.0 651.0 55.0 9.999999e6 257.0 190.0 180.0 519.0 547.0 524.0 506.0 563.0 586.0 573.0 533.0 803.0 875.0 693.0 733.0 777.0 692.0 888.0 607.0 577.0 662.0 585.0 539.0 575.0 454.0 611.0 361.0 561.0 581.0 543.0 682.0 645.0 769.0 666.0 546.0 577.0 565.0 493.0 662.0 653.0 700.0 123.0 177.0 201.0 112.0 343.0
466.0 521.0 506.0 427.0 693.0 86.0 111.0 9.999999e6 236.0 275.0 566.0 585.0 505.0 546.0 552.0 621.0 618.0 574.0 804.0 863.0 594.0 495.0 733.0 735.0 790.0 695.0 673.0 660.0 675.0 627.0 674.0 556.0 654.0 453.0 615.0 614.0 587.0 685.0 634.0 715.0 707.0 591.0 673.0 659.0 589.0 690.0 749.0 771.0 154.0 209.0 228.0 147.0 371.0
243.0 309.0 285.0 205.0 468.0 92.0 54.0 111.0 9.999999e6 69.0 342.0 366.0 345.0 326.0 385.0 406.0 391.0 350.0 619.0 705.0 510.0 552.0 599.0 511.0 707.0 501.0 451.0 558.0 472.0 425.0 471.0 346.0 432.0 253.0 394.0 393.0 373.0 500.0 468.0 588.0 491.0 369.0 532.0 501.0 535.0 534.0 591.0 549.0 160.0 210.0 233.0 147.0 376.0
262.0 321.0 302.0 222.0 491.0 81.0 68.0 99.0 32.0 9.999999e6 359.0 386.0 357.0 340.0 400.0 424.0 409.0 371.0 639.0 714.0 536.0 569.0 611.0 528.0 728.0 448.0 415.0 504.0 424.0 376.0 412.0 296.0 450.0 196.0 407.0 419.0 386.0 521.0 488.0 605.0 503.0 389.0 554.0 521.0 554.0 550.0 614.0 568.0 151.0 204.0 228.0 137.0 359.0
361.0 416.0 404.0 317.0 435.0 522.0 512.0 544.0 471.0 449.0 9.999999e6 194.0 179.0 327.0 228.0 441.0 438.0 392.0 480.0 560.0 357.0 401.0 554.0 557.0 549.0 502.0 453.0 418.0 596.0 544.0 655.0 532.0 383.0 455.0 396.0 352.0 319.0 359.0 313.0 475.0 437.0 352.0 453.0 467.0 453.0 373.0 527.0 531.0 78.0 135.0 308.0 392.0 291.0
182.0 241.0 229.0 134.0 411.0 376.0 341.0 402.0 302.0 314.0 114.0 9.999999e6 195.0 184.0 246.0 304.0 288.0 258.0 499.0 583.0 376.0 420.0 494.0 411.0 568.0 395.0 315.0 433.0 612.0 564.0 511.0 413.0 364.0 311.0 250.0 333.0 305.0 375.0 322.0 493.0 425.0 306.0 469.0 435.0 466.0 385.0 531.0 481.0 180.0 202.0 333.0 425.0 319.0
271.0 305.0 315.0 224.0 271.0 354.0 341.0 374.0 301.0 283.0 110.0 105.0 9.999999e6 164.0 60.0 276.0 263.0 233.0 313.0 400.0 186.0 241.0 395.0 389.0 387.0 336.0 283.0 255.0 424.0 378.0 486.0 361.0 220.0 290.0 224.0 179.0 154.0 197.0 138.0 308.0 273.0 182.0 290.0 308.0 285.0 203.0 363.0 362.0 179.0 231.0 311.0 399.0 293.0
216.0 277.0 259.0 176.0 281.0 209.0 199.0 227.0 155.0 140.0 35.0 54.0 24.0 9.999999e6 77.0 132.0 125.0 79.0 331.0 411.0 204.0 253.0 329.0 246.0 400.0 225.0 147.0 265.0 443.0 397.0 346.0 239.0 229.0 140.0 80.0 193.0 163.0 211.0 157.0 322.0 288.0 200.0 296.0 320.0 295.0 215.0 374.0 380.0 94.0 148.0 163.0 255.0 151.0
275.0 338.0 327.0 242.0 344.0 300.0 293.0 331.0 256.0 241.0 122.0 119.0 99.0 111.0 9.999999e6 230.0 220.0 181.0 400.0 479.0 144.0 197.0 371.0 340.0 337.0 327.0 242.0 204.0 384.0 334.0 446.0 347.0 295.0 238.0 176.0 265.0 235.0 275.0 223.0 262.0 352.0 140.0 303.0 270.0 346.0 286.0 363.0 315.0 189.0 242.0 261.0 352.0 252.0
369.0 329.0 451.0 411.0 404.0 405.0 367.0 422.0 324.0 378.0 345.0 393.0 514.0 539.0 561.0 9.999999e6 329.0 297.0 264.0 313.0 405.0 312.0 528.0 446.0 596.0 407.0 358.0 316.0 380.0 448.0 557.0 432.0 286.0 353.0 460.0 163.0 226.0 141.0 278.0 276.0 244.0 379.0 425.0 443.0 412.0 335.0 494.0 538.0 86.0 146.0 89.0 188.0 75.0
246.0 305.0 286.0 204.0 416.0 353.0 317.0 374.0 276.0 331.0 181.0 75.0 266.0 252.0 307.0 24.0 9.999999e6 310.0 275.0 324.0 158.0 207.0 225.0 136.0 356.0 337.0 270.0 221.0 398.0 348.0 471.0 348.0 204.0 368.0 315.0 177.0 238.0 151.0 288.0 279.0 260.0 143.0 307.0 267.0 356.0 351.0 362.0 316.0 99.0 160.0 103.0 199.0 94.0
278.0 343.0 325.0 243.0 450.0 390.0 353.0 417.0 315.0 367.0 215.0 115.0 301.0 293.0 349.0 65.0 48.0 9.999999e6 308.0 365.0 195.0 243.0 261.0 175.0 388.0 381.0 292.0 260.0 430.0 392.0 292.0 170.0 237.0 79.0 358.0 217.0 274.0 193.0 327.0 318.0 294.0 184.0 346.0 312.0 394.0 384.0 405.0 355.0 138.0 192.0 141.0 228.0 127.0
118.0 85.0 249.0 161.0 356.0 148.0 113.0 176.0 78.0 128.0 250.0 149.0 299.0 284.0 345.0 70.0 86.0 44.0 9.999999e6 90.0 226.0 277.0 293.0 204.0 425.0 180.0 241.0 241.0 162.0 363.0 330.0 210.0 271.0 109.0 355.0 227.0 245.0 198.0 337.0 344.0 306.0 146.0 307.0 275.0 359.0 379.0 368.0 327.0 146.0 202.0 154.0 216.0 140.0
134.0 93.0 266.0 176.0 364.0 172.0 137.0 191.0 90.0 153.0 255.0 155.0 317.0 301.0 363.0 93.0 81.0 62.0 31.0 9.999999e6 227.0 276.0 291.0 207.0 418.0 102.0 160.0 162.0 82.0 291.0 341.0 227.0 279.0 118.0 370.0 242.0 261.0 216.0 351.0 351.0 322.0 169.0 325.0 294.0 374.0 392.0 390.0 338.0 157.0 203.0 151.0 225.0 142.0
306.0 367.0 350.0 263.0 371.0 212.0 171.0 229.0 139.0 186.0 238.0 142.0 322.0 312.0 365.0 412.0 417.0 378.0 356.0 371.0 9.999999e6 64.0 239.0 275.0 207.0 196.0 121.0 84.0 252.0 204.0 558.0 432.0 285.0 370.0 375.0 226.0 223.0 227.0 248.0 138.0 265.0 351.0 377.0 413.0 389.0 304.0 409.0 368.0 285.0 285.0 330.0 268.0 310.0
376.0 460.0 449.0 354.0 466.0 305.0 266.0 323.0 227.0 282.0 336.0 230.0 416.0 408.0 462.0 448.0 448.0 424.0 389.0 372.0 115.0 9.999999e6 250.0 262.0 307.0 291.0 225.0 171.0 350.0 306.0 600.0 483.0 332.0 468.0 472.0 322.0 322.0 327.0 342.0 231.0 361.0 429.0 383.0 426.0 401.0 407.0 415.0 372.0 356.0 306.0 421.0 370.0 410.0
136.0 225.0 336.0 245.0 369.0 292.0 264.0 314.0 221.0 277.0 328.0 231.0 387.0 368.0 428.0 221.0 210.0 191.0 160.0 145.0 101.0 122.0 9.999999e6 251.0 300.0 235.0 212.0 168.0 211.0 299.0 472.0 353.0 318.0 248.0 239.0 296.0 266.0 314.0 333.0 230.0 351.0 199.0 149.0 187.0 173.0 203.0 182.0 141.0 121.0 72.0 239.0 339.0 236.0
223.0 307.0 374.0 280.0 399.0 233.0 198.0 252.0 158.0 213.0 256.0 160.0 343.0 332.0 388.0 303.0 298.0 273.0 247.0 226.0 36.0 87.0 96.0 9.999999e6 233.0 217.0 147.0 100.0 270.0 227.0 350.0 236.0 84.0 331.0 328.0 242.0 246.0 253.0 264.0 165.0 288.0 280.0 238.0 269.0 255.0 291.0 268.0 217.0 207.0 156.0 332.0 293.0 320.0
183.0 267.0 381.0 290.0 407.0 296.0 267.0 319.0 223.0 276.0 329.0 226.0 411.0 402.0 460.0 256.0 251.0 230.0 200.0 185.0 103.0 92.0 61.0 81.0 9.999999e6 270.0 219.0 173.0 254.0 297.0 420.0 302.0 153.0 288.0 278.0 316.0 303.0 319.0 339.0 226.0 352.0 241.0 195.0 232.0 208.0 245.0 226.0 181.0 171.0 117.0 289.0 363.0 272.0
598.0 658.0 641.0 559.0 823.0 621.0 644.0 551.0 718.0 780.0 695.0 718.0 695.0 682.0 739.0 689.0 678.0 707.0 946.0 998.0 734.0 782.0 890.0 806.0 924.0 9.999999e6 71.0 72.0 244.0 195.0 729.0 609.0 789.0 715.0 750.0 756.0 721.0 819.0 819.0 857.0 838.0 727.0 689.0 726.0 716.0 744.0 718.0 675.0 315.0 368.0 321.0 407.0 309.0
536.0 605.0 586.0 502.0 765.0 567.0 585.0 494.0 669.0 719.0 635.0 657.0 639.0 627.0 680.0 630.0 622.0 652.0 887.0 942.0 766.0 819.0 831.0 748.0 960.0 105.0 9.999999e6 158.0 334.0 284.0 811.0 700.0 726.0 709.0 690.0 692.0 660.0 762.0 768.0 882.0 780.0 666.0 779.0 803.0 799.0 827.0 813.0 768.0 399.0 460.0 404.0 499.0 396.0
581.0 646.0 628.0 543.0 812.0 611.0 638.0 542.0 710.0 767.0 687.0 701.0 682.0 673.0 724.0 675.0 664.0 698.0 925.0 982.0 675.0 727.0 871.0 789.0 866.0 135.0 61.0 9.999999e6 184.0 141.0 669.0 547.0 771.0 651.0 722.0 737.0 713.0 809.0 808.0 801.0 833.0 682.0 637.0 677.0 650.0 688.0 665.0 620.0 257.0 312.0 259.0 348.0 246.0
620.0 677.0 670.0 581.0 853.0 647.0 655.0 579.0 624.0 677.0 717.0 620.0 716.0 702.0 761.0 718.0 701.0 734.0 835.0 853.0 498.0 547.0 725.0 763.0 696.0 36.0 99.0 98.0 9.999999e6 218.0 500.0 375.0 773.0 479.0 775.0 618.0 711.0 711.0 734.0 621.0 714.0 751.0 713.0 752.0 733.0 768.0 743.0 701.0 86.0 138.0 91.0 182.0 80.0
586.0 647.0 632.0 545.0 821.0 614.0 634.0 547.0 663.0 716.0 692.0 668.0 681.0 674.0 735.0 681.0 672.0 698.0 880.0 896.0 547.0 598.0 773.0 791.0 741.0 85.0 67.0 138.0 63.0 9.999999e6 546.0 429.0 780.0 522.0 736.0 662.0 714.0 763.0 778.0 669.0 757.0 715.0 762.0 800.0 781.0 815.0 796.0 752.0 132.0 184.0 135.0 224.0 119.0
500.0 712.0 702.0 613.0 737.0 847.0 812.0 871.0 776.0 829.0 756.0 770.0 747.0 737.0 792.0 812.0 803.0 764.0 879.0 958.0 908.0 814.0 861.0 925.0 1103.0 797.0 782.0 822.0 987.0 943.0 9.999999e6 653.0 691.0 559.0 793.0 659.0 628.0 764.0 774.0 849.0 753.0 784.0 927.0 911.0 917.0 838.0 998.0 963.0 724.0 677.0 843.0 911.0 833.0
619.0 720.0 707.0 621.0 850.0 685.0 705.0 614.0 723.0 772.0 764.0 725.0 756.0 746.0 807.0 758.0 739.0 766.0 883.0 862.0 596.0 502.0 740.0 747.0 791.0 220.0 134.0 281.0 447.0 407.0 136.0 9.999999e6 485.0 118.0 815.0 775.0 752.0 815.0 830.0 717.0 853.0 673.0 700.0 620.0 795.0 721.0 778.0 815.0 520.0 573.0 528.0 621.0 514.0
768.0 870.0 853.0 766.0 1000.0 831.0 853.0 762.0 872.0 923.0 905.0 870.0 910.0 892.0 956.0 904.0 893.0 916.0 1032.0 1015.0 742.0 648.0 884.0 901.0 936.0 369.0 279.0 431.0 598.0 551.0 285.0 166.0 9.999999e6 262.0 964.0 931.0 898.0 966.0 983.0 866.0 1000.0 819.0 854.0 775.0 946.0 870.0 926.0 964.0 669.0 725.0 676.0 766.0 664.0
722.0 816.0 801.0 722.0 951.0 786.0 805.0 710.0 820.0 873.0 860.0 820.0 859.0 848.0 901.0 858.0 847.0 875.0 978.0 959.0 702.0 600.0 837.0 852.0 894.0 322.0 232.0 376.0 554.0 510.0 235.0 119.0 381.0 9.999999e6 915.0 879.0 852.0 912.0 931.0 825.0 950.0 773.0 797.0 722.0 902.0 821.0 871.0 923.0 625.0 678.0 621.0 712.0 611.0
730.0 693.0 861.0 768.0 883.0 538.0 493.0 738.0 678.0 664.0 619.0 759.0 779.0 894.0 825.0 678.0 689.0 652.0 619.0 706.0 838.0 784.0 898.0 818.0 1026.0 520.0 435.0 582.0 752.0 705.0 274.0 316.0 169.0 394.0 9.999999e6 642.0 698.0 617.0 755.0 754.0 722.0 756.0 896.0 889.0 889.0 815.0 974.0 932.0 95.0 144.0 99.0 188.0 84.0
341.0 300.0 311.0 337.0 257.0 375.0 338.0 399.0 305.0 361.0 254.0 374.0 427.0 467.0 474.0 297.0 306.0 267.0 237.0 315.0 264.0 163.0 384.0 416.0 462.0 291.0 215.0 178.0 349.0 302.0 461.0 345.0 194.0 332.0 324.0 9.999999e6 135.0 116.0 137.0 210.0 109.0 238.0 275.0 296.0 272.0 199.0 358.0 396.0 124.0 73.0 243.0 335.0 231.0
371.0 325.0 341.0 374.0 292.0 403.0 360.0 425.0 331.0 382.0 139.0 312.0 308.0 451.0 352.0 323.0 335.0 303.0 266.0 345.0 297.0 195.0 413.0 442.0 485.0 315.0 246.0 204.0 373.0 333.0 341.0 222.0 81.0 329.0 351.0 48.0 9.999999e6 142.0 158.0 231.0 133.0 260.0 307.0 322.0 301.0 226.0 386.0 423.0 152.0 102.0 271.0 366.0 264.0
247.0 200.0 330.0 286.0 276.0 274.0 236.0 300.0 203.0 257.0 218.0 273.0 383.0 410.0 434.0 192.0 207.0 168.0 139.0 218.0 282.0 179.0 395.0 324.0 472.0 303.0 231.0 185.0 280.0 321.0 428.0 309.0 157.0 230.0 334.0 40.0 93.0 9.999999e6 154.0 158.0 120.0 254.0 293.0 311.0 291.0 216.0 367.0 408.0 148.0 98.0 269.0 337.0 261.0
225.0 179.0 195.0 223.0 140.0 320.0 280.0 337.0 249.0 301.0 147.0 321.0 321.0 346.0 367.0 250.0 264.0 221.0 188.0 268.0 301.0 214.0 265.0 382.0 499.0 203.0 265.0 214.0 337.0 345.0 361.0 241.0 88.0 277.0 202.0 61.0 23.0 67.0 9.999999e6 207.0 147.0 117.0 157.0 174.0 152.0 76.0 238.0 271.0 168.0 116.0 279.0 371.0 268.0
331.0 288.0 305.0 330.0 253.0 178.0 139.0 379.0 292.0 304.0 221.0 360.0 395.0 459.0 433.0 289.0 301.0 261.0 227.0 311.0 304.0 206.0 374.0 415.0 491.0 311.0 255.0 215.0 370.0 335.0 433.0 315.0 166.0 317.0 315.0 96.0 98.0 110.0 125.0 9.999999e6 144.0 225.0 267.0 285.0 265.0 188.0 341.0 383.0 215.0 162.0 329.0 241.0 317.0
250.0 214.0 223.0 255.0 174.0 287.0 245.0 305.0 209.0 262.0 165.0 283.0 335.0 373.0 385.0 211.0 218.0 177.0 152.0 226.0 170.0 79.0 297.0 331.0 365.0 204.0 132.0 85.0 260.0 207.0 373.0 256.0 109.0 243.0 234.0 54.0 47.0 26.0 48.0 118.0 9.999999e6 143.0 188.0 205.0 181.0 108.0 260.0 306.0 167.0 116.0 279.0 341.0 271.0
529.0 587.0 576.0 488.0 738.0 428.0 456.0 355.0 574.0 613.0 548.0 618.0 623.0 605.0 669.0 593.0 602.0 569.0 537.0 613.0 494.0 548.0 561.0 477.0 693.0 403.0 454.0 461.0 380.0 590.0 556.0 594.0 445.0 628.0 289.0 509.0 566.0 476.0 613.0 616.0 586.0 9.999999e6 172.0 144.0 227.0 241.0 232.0 189.0 257.0 204.0 370.0 466.0 358.0
412.0 441.0 461.0 373.0 592.0 269.0 287.0 194.0 421.0 448.0 495.0 512.0 509.0 497.0 556.0 437.0 447.0 406.0 373.0 454.0 427.0 480.0 490.0 410.0 628.0 339.0 400.0 398.0 322.0 530.0 496.0 532.0 381.0 464.0 229.0 360.0 418.0 335.0 464.0 470.0 436.0 61.0 9.999999e6 107.0 158.0 135.0 84.0 131.0 212.0 168.0 309.0 323.0 297.0
393.0 453.0 440.0 353.0 622.0 347.0 370.0 272.0 497.0 527.0 498.0 519.0 495.0 478.0 544.0 516.0 527.0 488.0 452.0 537.0 459.0 515.0 520.0 442.0 659.0 426.0 478.0 475.0 399.0 606.0 528.0 560.0 413.0 547.0 261.0 433.0 497.0 410.0 551.0 553.0 515.0 67.0 94.0 9.999999e6 190.0 115.0 163.0 211.0 128.0 74.0 245.0 338.0 239.0
464.0 520.0 508.0 421.0 648.0 353.0 370.0 275.0 401.0 464.0 505.0 407.0 558.0 546.0 605.0 520.0 533.0 489.0 457.0 478.0 282.0 334.0 346.0 262.0 483.0 425.0 398.0 353.0 401.0 479.0 343.0 387.0 234.0 464.0 86.0 447.0 497.0 415.0 518.0 408.0 528.0 65.0 98.0 76.0 9.999999e6 181.0 170.0 221.0 161.0 147.0 167.0 260.0 152.0
296.0 360.0 344.0 258.0 527.0 348.0 375.0 276.0 427.0 477.0 394.0 415.0 398.0 385.0 440.0 462.0 449.0 406.0 459.0 534.0 360.0 410.0 430.0 338.0 552.0 422.0 475.0 426.0 398.0 551.0 426.0 463.0 315.0 465.0 162.0 442.0 423.0 422.0 526.0 491.0 523.0 50.0 94.0 112.0 94.0 9.999999e6 173.0 213.0 226.0 178.0 240.0 330.0 232.0
339.0 403.0 387.0 301.0 524.0 359.0 387.0 286.0 443.0 495.0 435.0 462.0 436.0 426.0 479.0 443.0 453.0 409.0 377.0 457.0 354.0 412.0 422.0 331.0 554.0 387.0 443.0 420.0 364.0 546.0 423.0 456.0 310.0 473.0 160.0 283.0 338.0 264.0 394.0 397.0 369.0 31.0 110.0 29.0 88.0 58.0 9.999999e6 184.0 144.0 97.0 240.0 329.0 221.0
364.0 426.0 411.0 320.0 564.0 276.0 299.0 211.0 425.0 461.0 379.0 445.0 465.0 453.0 511.0 448.0 460.0 423.0 386.0 469.0 314.0 364.0 378.0 295.0 510.0 220.0 278.0 282.0 203.0 410.0 383.0 414.0 272.0 478.0 113.0 327.0 383.0 306.0 434.0 443.0 406.0 76.0 26.0 67.0 47.0 86.0 61.0 9.999999e6 177.0 134.0 193.0 294.0 184.0
1551.0 1527.0 1596.0 1509.0 1784.0 1572.0 1562.0 1504.0 1522.0 1513.0 1653.0 1593.0 1650.0 1634.0 1695.0 1512.0 1530.0 1489.0 1455.0 1532.0 1512.0 1560.0 1549.0 1582.0 1505.0 1050.0 1026.0 1104.0 1028.0 978.0 1419.0 1297.0 1562.0 1197.0 1678.0 1635.0 1678.0 1643.0 1747.0 1637.0 1717.0 1578.0 1617.0 1634.0 1614.0 1534.0 1693.0 1672.0 9.999999e6 73.0 233.0 330.0 224.0
1599.0 1569.0 1649.0 1566.0 1834.0 1527.0 1515.0 1543.0 1478.0 1463.0 1706.0 1641.0 1621.0 1687.0 1673.0 1571.0 1578.0 1543.0 1504.0 1585.0 1548.0 1530.0 1496.0 1520.0 1458.0 1102.0 1078.0 1154.0 1079.0 1027.0 1360.0 1248.0 1506.0 1144.0 1628.0 1682.0 1727.0 1689.0 1754.0 1666.0 1775.0 1517.0 1568.0 1582.0 1557.0 1486.0 1638.0 1621.0 60.0 9.999999e6 188.0 274.0 169.0
1504.0 1464.0 1629.0 1541.0 1713.0 1598.0 1564.0 1542.0 1528.0 1543.0 1552.0 1549.0 1454.0 1603.0 1497.0 1550.0 1557.0 1526.0 1490.0 1566.0 1539.0 1566.0 1579.0 1609.0 1534.0 1080.0 1062.0 1144.0 1060.0 1010.0 1192.0 1071.0 1343.0 977.0 1621.0 1627.0 1593.0 1632.0 1577.0 1663.0 1715.0 1514.0 1553.0 1578.0 1548.0 1477.0 1627.0 1670.0 44.0 100.0 9.999999e6 272.0 159.0
1505.0 1534.0 1545.0 1464.0 1705.0 1550.0 1572.0 1487.0 1533.0 1523.0 1607.0 1601.0 1548.0 1586.0 1590.0 1532.0 1543.0 1503.0 1470.0 1547.0 1519.0 1573.0 1563.0 1549.0 1517.0 1057.0 1045.0 1120.0 1040.0 993.0 1280.0 1168.0 1432.0 1060.0 1366.0 1462.0 1581.0 1563.0 1584.0 1648.0 1551.0 1255.0 1302.0 1319.0 1298.0 1224.0 1380.0 1412.0 24.0 79.0 106.0 9.999999e6 240.0
1520.0 1472.0 1612.0 1526.0 1722.0 1589.0 1574.0 1517.0 1528.0 1520.0 1559.0 1558.0 1466.0 1616.0 1513.0 1530.0 1536.0 1501.0 1466.0 1544.0 1517.0 1573.0 1562.0 1593.0 1518.0 1056.0 1044.0 1116.0 1036.0 992.0 1206.0 1088.0 1352.0 986.0 1469.0 1571.0 1607.0 1642.0 1595.0 1643.0 1658.0 1362.0 1411.0 1429.0 1401.0 1325.0 1479.0 1516.0 21.0 80.0 29.0 118.0 9.999999e6
