9.999999e6 375.0 1000.0 1011.0 853.0 950.0 936.0 1027.0 1101.0 1235.0 1279.0 1109.0 1141.0 976.0 1389.0 858.0 1368.0 1110.0 1263.0 1435.0 1091.0 936.0 1047.0 962.0 1079.0 1083.0 826.0 926.0 1004.0 1203.0 1037.0 1105.0 1229.0 986.0 1227.0 1096.0 1235.0 973.0 753.0 1165.0 1518.0 1064.0 1285.0 1149.0 1312.0 914.0 1161.0 1349.0 1418.0 1515.0 1170.0 966.0 1112.0 1049.0 1064.0 912.0 901.0 1040.0 1086.0 1177.0 1118.0 1239.0 1103.0 1203.0 1094.0 1237.0 1143.0 1195.0 1293.0 1229.0
609.0 9.999999e6 1068.0 980.0 1029.0 976.0 1068.0 1144.0 1100.0 1342.0 1262.0 1097.0 1304.0 1217.0 1494.0 960.0 1214.0 1233.0 1040.0 1175.0 1122.0 1237.0 1133.0 1031.0 1192.0 1004.0 1005.0 1087.0 1119.0 1109.0 1019.0 1087.0 1248.0 1257.0 1196.0 1061.0 1284.0 1142.0 951.0 1117.0 1329.0 1320.0 1284.0 1340.0 1282.0 934.0 1207.0 1200.0 1559.0 1717.0 1190.0 1168.0 1213.0 1144.0 1196.0 1317.0 1112.0 1048.0 1259.0 1008.0 871.0 1326.0 1455.0 977.0 1139.0 1335.0 974.0 1352.0 1468.0 1057.0
669.0 419.0 9.999999e6 888.0 528.0 955.0 989.0 989.0 794.0 1185.0 1055.0 987.0 933.0 1009.0 1022.0 709.0 1124.0 1137.0 1203.0 1048.0 984.0 845.0 657.0 600.0 880.0 998.0 874.0 739.0 603.0 1042.0 939.0 1024.0 986.0 813.0 1136.0 872.0 963.0 1013.0 710.0 801.0 1189.0 1126.0 977.0 1102.0 1069.0 683.0 1102.0 1253.0 1316.0 1373.0 978.0 1046.0 881.0 998.0 1001.0 948.0 751.0 982.0 1092.0 881.0 829.0 1335.0 1082.0 1071.0 1053.0 941.0 889.0 1100.0 1164.0 970.0
665.0 645.0 664.0 9.999999e6 559.0 491.0 528.0 592.0 505.0 769.0 680.0 576.0 793.0 724.0 996.0 796.0 898.0 755.0 525.0 1002.0 639.0 629.0 676.0 635.0 694.0 854.0 562.0 543.0 524.0 790.0 495.0 632.0 968.0 715.0 923.0 665.0 809.0 811.0 496.0 794.0 1031.0 759.0 714.0 829.0 764.0 609.0 504.0 1040.0 903.0 986.0 544.0 703.0 543.0 942.0 814.0 712.0 794.0 546.0 741.0 737.0 430.0 926.0 1047.0 660.0 686.0 558.0 632.0 944.0 808.0 890.0
632.0 606.0 506.0 676.0 9.999999e6 659.0 742.0 781.0 582.0 926.0 778.0 865.0 868.0 620.0 798.0 499.0 996.0 787.0 883.0 792.0 858.0 615.0 438.0 483.0 671.0 523.0 527.0 557.0 562.0 661.0 544.0 609.0 871.0 587.0 837.0 541.0 787.0 571.0 558.0 594.0 1038.0 910.0 761.0 873.0 765.0 648.0 651.0 970.0 1026.0 1307.0 811.0 669.0 749.0 621.0 548.0 748.0 649.0 697.0 923.0 652.0 707.0 879.0 968.0 617.0 879.0 706.0 773.0 1035.0 944.0 863.0
712.0 373.0 621.0 441.0 416.0 9.999999e6 441.0 666.0 565.0 524.0 541.0 507.0 803.0 574.0 680.0 613.0 739.0 875.0 860.0 1018.0 699.0 697.0 576.0 691.0 801.0 761.0 606.0 511.0 597.0 805.0 619.0 790.0 808.0 798.0 965.0 654.0 698.0 636.0 676.0 842.0 986.0 886.0 910.0 690.0 897.0 464.0 556.0 1062.0 1178.0 1097.0 697.0 830.0 869.0 627.0 821.0 661.0 784.0 848.0 868.0 562.0 623.0 927.0 823.0 544.0 475.0 852.0 674.0 803.0 814.0 786.0
412.0 702.0 566.0 534.0 473.0 744.0 9.999999e6 623.0 690.0 765.0 770.0 526.0 699.0 752.0 986.0 492.0 577.0 596.0 733.0 746.0 598.0 672.0 681.0 715.0 676.0 762.0 608.0 590.0 522.0 782.0 694.0 769.0 976.0 723.0 700.0 704.0 923.0 692.0 467.0 751.0 964.0 813.0 806.0 818.0 538.0 485.0 700.0 865.0 996.0 1234.0 548.0 645.0 766.0 800.0 759.0 606.0 786.0 681.0 651.0 549.0 482.0 901.0 792.0 702.0 544.0 726.0 456.0 902.0 925.0 827.0
826.0 666.0 682.0 535.0 668.0 660.0 705.0 9.999999e6 688.0 861.0 755.0 706.0 766.0 495.0 693.0 913.0 1001.0 768.0 727.0 1046.0 724.0 894.0 748.0 927.0 1051.0 816.0 863.0 743.0 654.0 822.0 872.0 952.0 1094.0 786.0 839.0 968.0 1126.0 1039.0 662.0 789.0 1152.0 1080.0 798.0 884.0 852.0 986.0 622.0 1202.0 1255.0 1072.0 813.0 980.0 841.0 984.0 929.0 872.0 868.0 893.0 810.0 876.0 791.0 1090.0 1030.0 708.0 822.0 879.0 577.0 1058.0 896.0 1107.0
874.0 915.0 804.0 786.0 736.0 873.0 725.0 491.0 9.999999e6 729.0 749.0 578.0 641.0 757.0 747.0 942.0 943.0 1023.0 937.0 1170.0 746.0 1066.0 943.0 808.0 943.0 893.0 1064.0 909.0 1005.0 1095.0 803.0 1046.0 1041.0 1079.0 933.0 958.0 1078.0 1100.0 820.0 845.0 1225.0 975.0 971.0 755.0 1020.0 956.0 690.0 1241.0 1129.0 939.0 820.0 922.0 981.0 1105.0 961.0 1136.0 922.0 905.0 956.0 1001.0 785.0 1087.0 1012.0 905.0 839.0 921.0 753.0 913.0 755.0 981.0
806.0 919.0 992.0 826.0 940.0 683.0 913.0 470.0 456.0 9.999999e6 728.0 555.0 653.0 586.0 802.0 962.0 896.0 1137.0 811.0 950.0 972.0 1005.0 797.0 934.0 1070.0 975.0 857.0 887.0 791.0 1055.0 852.0 946.0 1049.0 983.0 1037.0 1094.0 1111.0 1122.0 807.0 1019.0 1342.0 1160.0 883.0 814.0 1119.0 870.0 932.0 1124.0 1364.0 910.0 782.0 1104.0 1072.0 1063.0 938.0 929.0 939.0 926.0 1084.0 831.0 864.0 1151.0 1137.0 618.0 757.0 828.0 481.0 786.0 740.0 980.0
773.0 960.0 1030.0 780.0 702.0 970.0 966.0 697.0 559.0 472.0 9.999999e6 803.0 609.0 743.0 612.0 1100.0 974.0 970.0 970.0 1162.0 825.0 989.0 910.0 954.0 1156.0 1107.0 974.0 1092.0 1059.0 908.0 944.0 1118.0 1050.0 1023.0 1062.0 975.0 1172.0 1154.0 833.0 988.0 1312.0 1045.0 1154.0 592.0 1182.0 879.0 815.0 1097.0 1368.0 1193.0 1001.0 1106.0 1003.0 1026.0 1130.0 1007.0 967.0 1085.0 973.0 922.0 1006.0 1271.0 1285.0 505.0 737.0 875.0 689.0 1027.0 842.0 1123.0
805.0 663.0 762.0 640.0 787.0 632.0 870.0 475.0 381.0 585.0 501.0 9.999999e6 628.0 577.0 806.0 846.0 909.0 1021.0 880.0 1087.0 1009.0 934.0 1024.0 932.0 905.0 990.0 1032.0 994.0 847.0 1121.0 830.0 911.0 1138.0 1018.0 1134.0 745.0 854.0 851.0 740.0 818.0 965.0 740.0 868.0 514.0 883.0 968.0 735.0 1046.0 1307.0 948.0 694.0 847.0 1014.0 1023.0 1016.0 949.0 1047.0 882.0 1138.0 744.0 844.0 1307.0 1154.0 657.0 721.0 856.0 664.0 927.0 730.0 954.0
910.0 777.0 916.0 662.0 851.0 937.0 745.0 695.0 527.0 528.0 402.0 533.0 9.999999e6 909.0 669.0 911.0 1044.0 1129.0 938.0 1099.0 873.0 1187.0 888.0 956.0 1193.0 1126.0 1172.0 1026.0 800.0 979.0 1119.0 1041.0 1235.0 1154.0 1195.0 981.0 1185.0 1111.0 858.0 1143.0 1435.0 1001.0 1012.0 833.0 1205.0 1129.0 1027.0 1087.0 1332.0 1057.0 968.0 1110.0 849.0 1089.0 1207.0 1026.0 1111.0 993.0 902.0 1075.0 893.0 1112.0 1073.0 474.0 624.0 684.0 773.0 1074.0 750.0 1060.0
1058.0 766.0 1030.0 850.0 962.0 822.0 865.0 655.0 471.0 625.0 580.0 655.0 608.0 9.999999e6 703.0 975.0 1238.0 1063.0 991.0 1213.0 885.0 987.0 1023.0 942.0 1137.0 956.0 889.0 923.0 935.0 1214.0 1023.0 1063.0 1339.0 983.0 1046.0 1040.0 1025.0 1180.0 956.0 932.0 1412.0 906.0 1006.0 853.0 1155.0 871.0 836.0 1155.0 1480.0 1172.0 1011.0 1157.0 1050.0 1274.0 1125.0 975.0 950.0 1092.0 1001.0 858.0 795.0 1295.0 1039.0 615.0 856.0 948.0 721.0 886.0 799.0 1149.0
935.0 773.0 823.0 884.0 766.0 684.0 735.0 663.0 571.0 613.0 479.0 685.0 682.0 643.0 9.999999e6 901.0 1005.0 902.0 877.0 1117.0 842.0 878.0 963.0 1038.0 1156.0 914.0 984.0 1052.0 999.0 1176.0 963.0 1175.0 1245.0 942.0 1114.0 997.0 1091.0 1096.0 802.0 990.0 1247.0 1022.0 876.0 799.0 949.0 948.0 890.0 1137.0 1274.0 912.0 759.0 898.0 1094.0 1040.0 1175.0 969.0 1116.0 1076.0 1045.0 808.0 837.0 1244.0 1071.0 398.0 656.0 762.0 757.0 998.0 786.0 1207.0
647.0 593.0 614.0 715.0 510.0 570.0 622.0 492.0 696.0 670.0 681.0 532.0 710.0 716.0 1007.0 9.999999e6 1025.0 786.0 989.0 812.0 936.0 662.0 825.0 588.0 842.0 916.0 765.0 563.0 573.0 985.0 908.0 794.0 825.0 759.0 1062.0 882.0 1084.0 794.0 743.0 918.0 1318.0 931.0 1050.0 611.0 913.0 809.0 582.0 742.0 1357.0 1068.0 731.0 839.0 816.0 718.0 828.0 975.0 707.0 743.0 830.0 869.0 897.0 1194.0 1054.0 918.0 832.0 723.0 785.0 942.0 910.0 985.0
675.0 703.0 683.0 693.0 611.0 725.0 910.0 776.0 662.0 870.0 943.0 557.0 856.0 907.0 878.0 375.0 9.999999e6 699.0 582.0 560.0 728.0 970.0 601.0 719.0 799.0 831.0 843.0 696.0 625.0 848.0 718.0 681.0 907.0 695.0 1005.0 688.0 946.0 811.0 699.0 969.0 1136.0 716.0 788.0 958.0 656.0 802.0 709.0 627.0 1002.0 1098.0 690.0 559.0 685.0 752.0 689.0 784.0 926.0 790.0 864.0 776.0 936.0 1195.0 1008.0 699.0 845.0 833.0 687.0 940.0 972.0 688.0
852.0 654.0 736.0 652.0 626.0 608.0 767.0 795.0 635.0 851.0 827.0 876.0 673.0 663.0 692.0 567.0 555.0 9.999999e6 760.0 648.0 682.0 734.0 458.0 790.0 645.0 480.0 679.0 676.0 665.0 805.0 767.0 812.0 845.0 861.0 1080.0 723.0 838.0 713.0 675.0 777.0 1154.0 830.0 628.0 974.0 706.0 608.0 855.0 783.0 976.0 1245.0 920.0 684.0 781.0 727.0 678.0 600.0 809.0 806.0 817.0 766.0 871.0 1144.0 1058.0 616.0 862.0 762.0 836.0 1124.0 979.0 729.0
676.0 602.0 822.0 793.0 723.0 660.0 862.0 636.0 719.0 828.0 885.0 742.0 942.0 880.0 967.0 492.0 606.0 587.0 9.999999e6 551.0 710.0 955.0 743.0 877.0 672.0 582.0 785.0 746.0 707.0 821.0 477.0 502.0 898.0 734.0 958.0 782.0 853.0 577.0 621.0 666.0 1088.0 883.0 770.0 921.0 868.0 973.0 877.0 626.0 1113.0 1233.0 654.0 709.0 888.0 781.0 941.0 740.0 1006.0 685.0 675.0 864.0 902.0 926.0 677.0 808.0 800.0 874.0 931.0 991.0 1050.0 781.0
820.0 868.0 737.0 766.0 816.0 800.0 744.0 861.0 631.0 819.0 966.0 775.0 1015.0 755.0 855.0 709.0 774.0 617.0 494.0 9.999999e6 854.0 677.0 563.0 725.0 799.0 482.0 799.0 770.0 742.0 816.0 506.0 755.0 866.0 710.0 997.0 639.0 856.0 556.0 800.0 771.0 879.0 492.0 692.0 931.0 626.0 779.0 553.0 526.0 1047.0 1112.0 528.0 455.0 754.0 744.0 755.0 483.0 843.0 527.0 636.0 725.0 836.0 837.0 800.0 932.0 917.0 650.0 831.0 1038.0 864.0 836.0
844.0 767.0 714.0 878.0 815.0 561.0 758.0 717.0 752.0 704.0 821.0 642.0 944.0 600.0 808.0 651.0 662.0 398.0 377.0 793.0 9.999999e6 780.0 726.0 868.0 582.0 686.0 768.0 937.0 914.0 680.0 628.0 688.0 762.0 749.0 931.0 745.0 890.0 786.0 747.0 555.0 902.0 872.0 694.0 975.0 763.0 699.0 816.0 756.0 1192.0 1166.0 912.0 868.0 809.0 929.0 994.0 917.0 819.0 654.0 871.0 691.0 921.0 906.0 796.0 568.0 558.0 711.0 688.0 1092.0 990.0 912.0
894.0 676.0 988.0 739.0 891.0 721.0 818.0 957.0 878.0 880.0 788.0 849.0 981.0 721.0 828.0 806.0 1065.0 982.0 793.0 913.0 824.0 9.999999e6 797.0 747.0 545.0 706.0 498.0 582.0 690.0 912.0 904.0 985.0 972.0 680.0 969.0 620.0 937.0 763.0 775.0 755.0 1315.0 1000.0 787.0 988.0 1119.0 645.0 770.0 1092.0 1354.0 1337.0 784.0 713.0 829.0 888.0 704.0 664.0 712.0 824.0 932.0 872.0 707.0 1022.0 922.0 611.0 867.0 553.0 749.0 1007.0 773.0 932.0
721.0 892.0 856.0 716.0 760.0 758.0 739.0 640.0 635.0 787.0 908.0 803.0 876.0 716.0 717.0 727.0 1099.0 1018.0 1015.0 1038.0 798.0 492.0 9.999999e6 574.0 651.0 395.0 666.0 707.0 827.0 927.0 674.0 995.0 1005.0 811.0 870.0 544.0 932.0 926.0 914.0 738.0 1173.0 918.0 984.0 1028.0 1123.0 885.0 685.0 1145.0 1252.0 1354.0 954.0 954.0 765.0 748.0 755.0 742.0 738.0 895.0 836.0 869.0 975.0 1179.0 961.0 644.0 737.0 691.0 666.0 1073.0 743.0 1067.0
811.0 753.0 647.0 617.0 776.0 593.0 724.0 835.0 588.0 768.0 645.0 641.0 601.0 745.0 927.0 434.0 997.0 749.0 658.0 990.0 798.0 550.0 777.0 9.999999e6 632.0 594.0 483.0 744.0 646.0 644.0 519.0 609.0 787.0 674.0 909.0 646.0 758.0 609.0 701.0 740.0 1067.0 657.0 780.0 852.0 788.0 773.0 612.0 1035.0 1194.0 1225.0 586.0 644.0 514.0 633.0 625.0 505.0 581.0 728.0 848.0 725.0 917.0 771.0 644.0 536.0 707.0 754.0 640.0 793.0 848.0 876.0
678.0 604.0 575.0 573.0 490.0 579.0 453.0 828.0 776.0 847.0 727.0 786.0 622.0 630.0 925.0 672.0 757.0 817.0 646.0 794.0 700.0 630.0 627.0 515.0 9.999999e6 652.0 611.0 486.0 514.0 598.0 468.0 775.0 798.0 501.0 727.0 793.0 827.0 811.0 726.0 802.0 1006.0 692.0 697.0 696.0 943.0 586.0 675.0 922.0 1063.0 1286.0 579.0 707.0 717.0 737.0 682.0 559.0 456.0 710.0 923.0 515.0 621.0 894.0 792.0 556.0 683.0 409.0 512.0 751.0 647.0 847.0
731.0 732.0 725.0 489.0 589.0 589.0 680.0 626.0 799.0 712.0 803.0 556.0 656.0 438.0 737.0 666.0 872.0 817.0 972.0 1107.0 711.0 656.0 552.0 602.0 514.0 9.999999e6 765.0 697.0 666.0 670.0 595.0 745.0 834.0 849.0 855.0 432.0 1002.0 871.0 869.0 682.0 1258.0 747.0 712.0 946.0 993.0 563.0 846.0 1123.0 1189.0 1187.0 835.0 860.0 688.0 846.0 856.0 780.0 678.0 809.0 878.0 712.0 871.0 1082.0 1030.0 756.0 798.0 668.0 589.0 839.0 642.0 790.0
772.0 738.0 682.0 764.0 816.0 664.0 570.0 905.0 717.0 697.0 860.0 848.0 948.0 547.0 1005.0 756.0 991.0 1006.0 723.0 900.0 799.0 666.0 656.0 646.0 624.0 610.0 9.999999e6 775.0 651.0 764.0 687.0 734.0 833.0 626.0 1018.0 519.0 1110.0 936.0 871.0 695.0 1008.0 913.0 950.0 969.0 1059.0 776.0 615.0 1105.0 1347.0 1195.0 622.0 733.0 632.0 741.0 717.0 581.0 724.0 762.0 772.0 788.0 764.0 948.0 879.0 738.0 841.0 774.0 827.0 1001.0 663.0 938.0
910.0 887.0 809.0 662.0 731.0 716.0 593.0 859.0 803.0 630.0 677.0 712.0 760.0 547.0 708.0 628.0 1054.0 891.0 742.0 867.0 856.0 515.0 331.0 512.0 470.0 531.0 496.0 9.999999e6 669.0 660.0 795.0 662.0 777.0 783.0 801.0 656.0 996.0 716.0 750.0 724.0 1176.0 908.0 752.0 872.0 770.0 600.0 712.0 882.0 1081.0 1311.0 616.0 698.0 615.0 799.0 760.0 764.0 676.0 643.0 640.0 545.0 858.0 1006.0 901.0 542.0 685.0 582.0 663.0 1021.0 936.0 702.0
908.0 545.0 674.0 582.0 724.0 560.0 725.0 639.0 563.0 628.0 676.0 630.0 602.0 733.0 902.0 440.0 949.0 750.0 837.0 902.0 801.0 497.0 619.0 561.0 750.0 630.0 492.0 616.0 9.999999e6 804.0 476.0 746.0 844.0 730.0 781.0 512.0 864.0 683.0 834.0 623.0 1008.0 800.0 712.0 703.0 822.0 452.0 805.0 986.0 977.0 1197.0 633.0 616.0 575.0 690.0 463.0 555.0 588.0 608.0 675.0 596.0 978.0 1029.0 696.0 670.0 782.0 846.0 884.0 838.0 730.0 616.0
1085.0 780.0 885.0 770.0 888.0 874.0 926.0 884.0 638.0 611.0 717.0 693.0 577.0 669.0 766.0 852.0 1054.0 1168.0 1098.0 1000.0 1039.0 613.0 663.0 612.0 673.0 748.0 758.0 622.0 712.0 9.999999e6 787.0 986.0 879.0 775.0 928.0 787.0 1129.0 823.0 987.0 775.0 1338.0 1010.0 997.0 845.0 862.0 892.0 916.0 1174.0 1191.0 1161.0 879.0 720.0 973.0 841.0 680.0 698.0 888.0 907.0 801.0 827.0 998.0 998.0 986.0 519.0 624.0 615.0 780.0 628.0 575.0 596.0
878.0 696.0 874.0 663.0 770.0 717.0 884.0 655.0 731.0 732.0 732.0 902.0 803.0 960.0 869.0 500.0 778.0 784.0 861.0 857.0 792.0 885.0 630.0 762.0 761.0 613.0 752.0 690.0 885.0 590.0 9.999999e6 838.0 742.0 805.0 716.0 519.0 574.0 406.0 632.0 501.0 925.0 509.0 627.0 924.0 671.0 716.0 547.0 874.0 1240.0 1251.0 516.0 662.0 700.0 809.0 812.0 852.0 788.0 1006.0 882.0 842.0 881.0 1154.0 849.0 557.0 899.0 756.0 683.0 906.0 745.0 646.0
813.0 784.0 877.0 869.0 876.0 781.0 1000.0 859.0 706.0 634.0 754.0 805.0 707.0 746.0 843.0 553.0 822.0 959.0 704.0 833.0 949.0 938.0 822.0 920.0 966.0 816.0 808.0 793.0 784.0 648.0 370.0 9.999999e6 670.0 692.0 782.0 511.0 626.0 580.0 693.0 589.0 991.0 506.0 698.0 870.0 649.0 842.0 557.0 1083.0 945.0 1276.0 576.0 587.0 698.0 957.0 904.0 1055.0 972.0 744.0 529.0 728.0 644.0 854.0 526.0 676.0 903.0 695.0 669.0 858.0 668.0 701.0
651.0 673.0 934.0 789.0 845.0 801.0 764.0 715.0 548.0 747.0 612.0 704.0 451.0 772.0 786.0 642.0 1139.0 871.0 941.0 960.0 797.0 811.0 566.0 708.0 687.0 632.0 597.0 458.0 945.0 437.0 530.0 661.0 9.999999e6 633.0 664.0 617.0 743.0 643.0 636.0 596.0 960.0 572.0 791.0 635.0 543.0 830.0 621.0 957.0 801.0 1228.0 802.0 802.0 874.0 825.0 886.0 944.0 873.0 728.0 593.0 677.0 976.0 922.0 664.0 742.0 608.0 676.0 755.0 600.0 693.0 421.0
929.0 854.0 813.0 724.0 841.0 643.0 752.0 877.0 605.0 730.0 710.0 834.0 647.0 690.0 1005.0 492.0 1060.0 804.0 895.0 938.0 718.0 972.0 667.0 849.0 704.0 740.0 877.0 645.0 746.0 514.0 475.0 423.0 475.0 9.999999e6 589.0 543.0 730.0 578.0 609.0 667.0 978.0 586.0 662.0 795.0 697.0 778.0 750.0 982.0 886.0 1100.0 759.0 535.0 802.0 813.0 871.0 921.0 1022.0 809.0 605.0 602.0 707.0 873.0 678.0 732.0 903.0 753.0 683.0 683.0 656.0 671.0
755.0 447.0 1127.0 804.0 1000.0 723.0 994.0 736.0 822.0 832.0 875.0 733.0 776.0 786.0 766.0 778.0 957.0 916.0 992.0 1118.0 932.0 801.0 826.0 680.0 994.0 749.0 756.0 787.0 999.0 623.0 636.0 564.0 458.0 684.0 9.999999e6 824.0 757.0 611.0 868.0 726.0 1103.0 815.0 615.0 992.0 711.0 845.0 768.0 1137.0 853.0 1159.0 891.0 792.0 862.0 842.0 834.0 895.0 875.0 962.0 788.0 602.0 850.0 810.0 801.0 778.0 879.0 898.0 664.0 874.0 878.0 686.0
1858.0 1976.0 1887.0 1686.0 1781.0 1843.0 1899.0 1634.0 1777.0 1688.0 1743.0 1598.0 1732.0 1402.0 1622.0 1612.0 2196.0 2109.0 2183.0 2035.0 1905.0 2180.0 1912.0 1921.0 1990.0 2028.0 2069.0 1981.0 1926.0 1987.0 2098.0 2050.0 1948.0 2016.0 1931.0 9.999999e6 1262.0 1205.0 1130.0 1200.0 1605.0 1232.0 1167.0 1689.0 1926.0 2031.0 1923.0 2276.0 2160.0 2197.0 1858.0 1820.0 1924.0 1965.0 1932.0 1846.0 2129.0 1716.0 1877.0 1731.0 1769.0 2022.0 2157.0 1179.0 1230.0 1366.0 1386.0 1452.0 1320.0 1302.0
1023.0 1198.0 1259.0 1228.0 1416.0 1113.0 1340.0 1334.0 1089.0 1213.0 1244.0 1135.0 1397.0 914.0 1167.0 1038.0 1399.0 1487.0 1368.0 1555.0 1444.0 1164.0 1179.0 1341.0 1207.0 1362.0 1318.0 1267.0 1166.0 1195.0 1360.0 1142.0 1318.0 1300.0 1313.0 642.0 9.999999e6 570.0 692.0 492.0 845.0 626.0 451.0 1350.0 1235.0 1232.0 1202.0 1404.0 1647.0 1647.0 1182.0 1040.0 1242.0 1281.0 1253.0 1205.0 1376.0 1280.0 1191.0 1120.0 1173.0 1432.0 1339.0 727.0 734.0 847.0 820.0 822.0 718.0 557.0
1203.0 1180.0 1235.0 1260.0 1198.0 1296.0 1196.0 1297.0 1266.0 1350.0 1316.0 1346.0 1498.0 1353.0 1361.0 1120.0 1501.0 1386.0 1508.0 1532.0 1483.0 1369.0 1348.0 1271.0 1430.0 1305.0 1405.0 1210.0 1393.0 1494.0 1353.0 1596.0 1381.0 1423.0 1319.0 742.0 864.0 9.999999e6 786.0 711.0 1009.0 841.0 876.0 1334.0 1284.0 1408.0 1321.0 1587.0 1572.0 1730.0 1453.0 1323.0 1424.0 1514.0 1339.0 1376.0 1518.0 1095.0 1103.0 1095.0 947.0 1540.0 1562.0 515.0 819.0 601.0 716.0 649.0 648.0 526.0
1137.0 1280.0 1415.0 1140.0 1466.0 1182.0 1287.0 1125.0 1146.0 1204.0 1134.0 1012.0 1215.0 788.0 1310.0 1290.0 1483.0 1543.0 1527.0 1605.0 1548.0 1426.0 1418.0 1461.0 1494.0 1605.0 1516.0 1484.0 1438.0 1644.0 1347.0 1455.0 1452.0 1311.0 1481.0 530.0 787.0 731.0 9.999999e6 558.0 1148.0 886.0 719.0 1126.0 1300.0 1458.0 1332.0 1705.0 1571.0 1622.0 1521.0 1289.0 1388.0 1339.0 1421.0 1326.0 1425.0 1185.0 1349.0 1149.0 1148.0 1646.0 1506.0 874.0 974.0 697.0 789.0 812.0 965.0 653.0
1044.0 962.0 1287.0 1247.0 1101.0 1285.0 1134.0 1081.0 1249.0 1282.0 1241.0 1225.0 1197.0 1129.0 1382.0 1128.0 1326.0 1264.0 1422.0 1308.0 1409.0 1197.0 1215.0 1096.0 1038.0 1190.0 1330.0 1210.0 1147.0 1424.0 1229.0 1126.0 1325.0 1315.0 1466.0 650.0 702.0 332.0 576.0 9.999999e6 712.0 403.0 448.0 1354.0 1125.0 1256.0 1268.0 1409.0 1514.0 1535.0 1239.0 1018.0 1029.0 1219.0 1127.0 1140.0 1347.0 1217.0 1202.0 1277.0 944.0 1469.0 1354.0 614.0 648.0 572.0 675.0 754.0 838.0 514.0
1071.0 1028.0 1447.0 1400.0 1224.0 1301.0 1366.0 1154.0 1187.0 1060.0 1056.0 1278.0 1224.0 1152.0 1141.0 1110.0 1471.0 1481.0 1432.0 1546.0 1213.0 1158.0 1123.0 1050.0 1148.0 1047.0 1159.0 1127.0 1214.0 959.0 1067.0 1112.0 925.0 1170.0 1050.0 671.0 548.0 682.0 583.0 547.0 9.999999e6 747.0 650.0 1060.0 861.0 708.0 1233.0 1670.0 1196.0 1380.0 1110.0 1214.0 1230.0 1144.0 1313.0 1159.0 1207.0 1138.0 1069.0 1158.0 1045.0 1409.0 1022.0 645.0 951.0 700.0 897.0 718.0 810.0 751.0
1050.0 882.0 1342.0 1161.0 1325.0 1217.0 1275.0 1168.0 1197.0 1192.0 1178.0 1299.0 1322.0 1062.0 1302.0 1131.0 1501.0 1478.0 1236.0 1330.0 1422.0 1063.0 1244.0 931.0 954.0 1228.0 1073.0 1092.0 1210.0 1338.0 1333.0 1161.0 1191.0 1241.0 1280.0 811.0 515.0 464.0 601.0 721.0 673.0 9.999999e6 580.0 1322.0 1111.0 1156.0 1295.0 1583.0 1473.0 1836.0 1096.0 1289.0 1372.0 1242.0 1128.0 1113.0 1277.0 1091.0 1258.0 1215.0 928.0 1601.0 1381.0 553.0 604.0 827.0 763.0 752.0 607.0 602.0
1118.0 1166.0 1415.0 1307.0 1108.0 1232.0 1357.0 1272.0 1258.0 1393.0 1412.0 1346.0 1249.0 1158.0 1211.0 1082.0 1498.0 1420.0 1245.0 1451.0 1139.0 1208.0 1146.0 1007.0 965.0 1377.0 1144.0 1251.0 1092.0 1159.0 1167.0 1169.0 1378.0 1072.0 1209.0 569.0 648.0 652.0 700.0 699.0 722.0 349.0 9.999999e6 1288.0 1274.0 1108.0 1056.0 1375.0 1471.0 1755.0 1239.0 1157.0 1095.0 1104.0 1176.0 1096.0 1378.0 1110.0 1231.0 1050.0 1253.0 1566.0 1279.0 684.0 600.0 690.0 753.0 896.0 824.0 490.0
1120.0 1026.0 1104.0 1029.0 1039.0 1144.0 875.0 1148.0 1176.0 1140.0 1117.0 944.0 1065.0 1279.0 1132.0 1079.0 1329.0 1250.0 1270.0 1470.0 1094.0 1095.0 973.0 1079.0 1243.0 1148.0 1235.0 988.0 1039.0 807.0 953.0 912.0 1069.0 1152.0 879.0 989.0 1326.0 1181.0 1080.0 1152.0 1508.0 1097.0 1254.0 9.999999e6 1029.0 1282.0 967.0 1259.0 1103.0 762.0 1172.0 1106.0 1289.0 1155.0 1229.0 1137.0 1257.0 1157.0 1211.0 1087.0 1035.0 1381.0 1100.0 713.0 582.0 646.0 679.0 705.0 638.0 814.0
1369.0 1236.0 1472.0 1205.0 1340.0 1223.0 1195.0 1303.0 1266.0 1524.0 1284.0 1353.0 1294.0 1243.0 1534.0 1132.0 1252.0 1399.0 1376.0 1400.0 1504.0 1185.0 1081.0 1080.0 1336.0 1235.0 1127.0 965.0 1366.0 1145.0 1379.0 1342.0 1244.0 1257.0 1159.0 1023.0 1543.0 1256.0 1457.0 1439.0 1619.0 1341.0 1464.0 765.0 9.999999e6 1251.0 937.0 1100.0 770.0 937.0 1185.0 1213.0 1297.0 1468.0 1344.0 1258.0 1387.0 1377.0 1352.0 1221.0 1439.0 1551.0 1341.0 783.0 794.0 837.0 971.0 896.0 818.0 1223.0
1562.0 1364.0 1372.0 1207.0 1311.0 1293.0 1237.0 1450.0 1295.0 1368.0 1284.0 1359.0 1349.0 1471.0 1459.0 1602.0 1502.0 1487.0 1531.0 1802.0 1496.0 1493.0 1363.0 1448.0 1562.0 1356.0 1530.0 1300.0 1568.0 1290.0 1311.0 1225.0 1346.0 1614.0 1272.0 1113.0 1509.0 1429.0 1372.0 1459.0 1608.0 1528.0 1451.0 821.0 1126.0 9.999999e6 1261.0 1616.0 1183.0 1039.0 1341.0 1539.0 1586.0 1500.0 1561.0 1585.0 1420.0 1221.0 1005.0 1231.0 1323.0 1135.0 1045.0 883.0 937.0 1058.0 981.0 1022.0 842.0 1098.0
1663.0 1689.0 1725.0 1516.0 1698.0 1648.0 1597.0 1522.0 1702.0 1575.0 1471.0 1725.0 1775.0 1839.0 1556.0 1778.0 1900.0 1901.0 1845.0 1982.0 1753.0 1932.0 1593.0 1793.0 1768.0 1808.0 1694.0 1732.0 1700.0 1705.0 1616.0 1638.0 1589.0 1964.0 1692.0 1593.0 1727.0 1624.0 1691.0 1833.0 1787.0 1547.0 1663.0 935.0 1285.0 639.0 9.999999e6 1559.0 1194.0 1452.0 1645.0 1659.0 1879.0 1792.0 1793.0 1757.0 1775.0 1413.0 1283.0 1377.0 1409.0 1456.0 1211.0 1301.0 1260.0 1246.0 1203.0 1182.0 1215.0 1502.0
1207.0 1142.0 1416.0 1333.0 1350.0 1096.0 1469.0 1331.0 1341.0 1332.0 1410.0 1418.0 1320.0 1257.0 1638.0 1404.0 1293.0 1419.0 1272.0 1332.0 1318.0 1518.0 1288.0 1272.0 1403.0 1328.0 1482.0 1452.0 1402.0 1086.0 1186.0 1338.0 1364.0 978.0 1246.0 1238.0 1384.0 1239.0 1298.0 1172.0 1521.0 1398.0 1248.0 967.0 1429.0 1175.0 1042.0 9.999999e6 1055.0 1124.0 1039.0 1181.0 1235.0 1126.0 1238.0 971.0 1373.0 1390.0 1259.0 1411.0 1277.0 1448.0 1192.0 1210.0 1120.0 1181.0 1138.0 1335.0 1176.0 1215.0
1080.0 1222.0 1165.0 1152.0 1249.0 1021.0 974.0 1077.0 1082.0 1231.0 1338.0 1172.0 1072.0 1394.0 1483.0 1154.0 915.0 1295.0 1308.0 1203.0 1272.0 1143.0 1187.0 1058.0 1309.0 1164.0 1058.0 1304.0 1248.0 1046.0 1127.0 1034.0 1160.0 1227.0 1127.0 931.0 1474.0 1106.0 1127.0 1234.0 1597.0 1225.0 1238.0 398.0 1065.0 906.0 791.0 1011.0 9.999999e6 841.0 1112.0 1254.0 1240.0 1325.0 1411.0 1294.0 1387.0 1147.0 1209.0 1187.0 1076.0 1350.0 1169.0 829.0 685.0 838.0 634.0 827.0 601.0 1021.0
1220.0 1228.0 1212.0 1160.0 1249.0 1025.0 1072.0 943.0 843.0 1070.0 913.0 1120.0 1022.0 1014.0 857.0 1410.0 1417.0 1291.0 1131.0 1561.0 1193.0 1271.0 1241.0 1199.0 1450.0 1411.0 1352.0 1226.0 1209.0 986.0 1194.0 1152.0 1041.0 1327.0 1072.0 550.0 1437.0 1123.0 1260.0 1166.0 1555.0 1361.0 1309.0 571.0 1249.0 1292.0 1123.0 765.0 791.0 9.999999e6 1043.0 1133.0 1215.0 1467.0 1472.0 1387.0 1274.0 1205.0 1152.0 1302.0 1155.0 1467.0 1234.0 839.0 531.0 806.0 698.0 680.0 720.0 1023.0
885.0 859.0 1096.0 981.0 946.0 697.0 832.0 762.0 749.0 852.0 779.0 875.0 995.0 769.0 838.0 781.0 697.0 536.0 491.0 743.0 655.0 870.0 615.0 796.0 746.0 719.0 891.0 983.0 881.0 947.0 847.0 700.0 1057.0 627.0 1040.0 606.0 785.0 628.0 672.0 821.0 1151.0 777.0 781.0 1053.0 945.0 939.0 799.0 880.0 1149.0 1217.0 9.999999e6 734.0 612.0 641.0 787.0 762.0 731.0 787.0 939.0 995.0 830.0 1077.0 821.0 579.0 903.0 717.0 875.0 1145.0 870.0 684.0
1035.0 921.0 1037.0 989.0 943.0 922.0 1038.0 886.0 858.0 1008.0 1056.0 852.0 1085.0 931.0 1017.0 725.0 863.0 857.0 642.0 877.0 723.0 996.0 781.0 970.0 926.0 850.0 977.0 935.0 1041.0 855.0 973.0 806.0 880.0 731.0 1173.0 786.0 988.0 844.0 765.0 951.0 1120.0 936.0 831.0 1147.0 1073.0 709.0 513.0 1082.0 1269.0 1397.0 455.0 9.999999e6 761.0 682.0 911.0 859.0 822.0 1071.0 949.0 914.0 1180.0 928.0 992.0 866.0 810.0 891.0 685.0 1151.0 1144.0 785.0
769.0 779.0 788.0 757.0 686.0 749.0 800.0 793.0 930.0 793.0 913.0 690.0 965.0 526.0 837.0 679.0 953.0 882.0 639.0 983.0 847.0 587.0 624.0 657.0 708.0 503.0 807.0 888.0 738.0 929.0 676.0 888.0 859.0 798.0 818.0 703.0 931.0 594.0 631.0 866.0 1043.0 984.0 669.0 996.0 976.0 753.0 578.0 1144.0 1078.0 1291.0 535.0 525.0 9.999999e6 716.0 586.0 573.0 600.0 810.0 813.0 776.0 927.0 1135.0 916.0 831.0 811.0 864.0 958.0 1063.0 835.0 578.0
723.0 663.0 638.0 515.0 582.0 691.0 689.0 738.0 744.0 828.0 936.0 626.0 842.0 698.0 1059.0 598.0 829.0 756.0 656.0 981.0 636.0 640.0 627.0 606.0 774.0 550.0 601.0 554.0 784.0 745.0 610.0 873.0 974.0 648.0 893.0 618.0 866.0 585.0 471.0 807.0 1138.0 803.0 742.0 684.0 1011.0 779.0 707.0 938.0 1154.0 1056.0 617.0 540.0 506.0 9.999999e6 686.0 788.0 914.0 877.0 965.0 762.0 831.0 1078.0 997.0 752.0 856.0 694.0 717.0 898.0 908.0 690.0
753.0 653.0 755.0 855.0 820.0 700.0 852.0 884.0 903.0 878.0 562.0 874.0 759.0 772.0 759.0 960.0 848.0 930.0 839.0 1024.0 661.0 873.0 664.0 707.0 629.0 764.0 954.0 943.0 691.0 939.0 839.0 861.0 1012.0 748.0 907.0 853.0 891.0 792.0 660.0 741.0 1217.0 1039.0 912.0 945.0 591.0 868.0 773.0 1071.0 994.0 1228.0 605.0 566.0 381.0 563.0 9.999999e6 759.0 686.0 482.0 736.0 513.0 752.0 999.0 810.0 851.0 957.0 967.0 725.0 1131.0 909.0 685.0
649.0 622.0 595.0 759.0 775.0 682.0 844.0 678.0 630.0 823.0 826.0 676.0 898.0 573.0 1009.0 761.0 669.0 738.0 681.0 888.0 641.0 840.0 580.0 710.0 777.0 511.0 688.0 716.0 808.0 523.0 433.0 658.0 742.0 641.0 899.0 662.0 727.0 656.0 690.0 648.0 824.0 707.0 642.0 954.0 653.0 907.0 676.0 818.0 936.0 1102.0 407.0 390.0 645.0 482.0 560.0 9.999999e6 865.0 701.0 774.0 776.0 911.0 746.0 846.0 672.0 626.0 794.0 693.0 805.0 829.0 585.0
739.0 602.0 661.0 823.0 656.0 690.0 849.0 719.0 676.0 486.0 494.0 695.0 487.0 755.0 758.0 562.0 719.0 687.0 789.0 756.0 635.0 743.0 648.0 762.0 765.0 562.0 779.0 833.0 788.0 637.0 490.0 661.0 641.0 395.0 724.0 711.0 673.0 754.0 619.0 568.0 1014.0 559.0 536.0 802.0 656.0 647.0 654.0 986.0 867.0 1145.0 360.0 545.0 561.0 408.0 457.0 417.0 9.999999e6 669.0 678.0 637.0 866.0 901.0 713.0 466.0 590.0 890.0 546.0 945.0 772.0 572.0
807.0 776.0 908.0 1020.0 667.0 1005.0 973.0 912.0 861.0 1184.0 1074.0 989.0 1111.0 1025.0 1102.0 833.0 1235.0 1076.0 1128.0 1235.0 1068.0 959.0 677.0 682.0 981.0 952.0 977.0 660.0 793.0 882.0 758.0 867.0 1157.0 946.0 1085.0 956.0 1118.0 984.0 715.0 892.0 1172.0 1190.0 1005.0 713.0 476.0 873.0 1042.0 1351.0 790.0 1078.0 1069.0 783.0 978.0 1030.0 1009.0 798.0 764.0 9.999999e6 675.0 992.0 1150.0 1146.0 1048.0 859.0 997.0 947.0 789.0 978.0 798.0 1035.0
1047.0 1017.0 869.0 1092.0 940.0 1142.0 985.0 1163.0 1165.0 1249.0 1064.0 1303.0 1003.0 857.0 1263.0 843.0 1229.0 1183.0 1188.0 1192.0 1164.0 917.0 847.0 861.0 898.0 840.0 862.0 801.0 834.0 1051.0 1035.0 961.0 1283.0 1104.0 1152.0 1047.0 1259.0 1083.0 1020.0 971.0 1529.0 1078.0 1268.0 889.0 760.0 1074.0 1244.0 1282.0 939.0 1191.0 1053.0 1097.0 1154.0 1020.0 1117.0 1191.0 897.0 676.0 9.999999e6 909.0 1120.0 1207.0 1040.0 937.0 965.0 927.0 965.0 1041.0 871.0 1276.0
1081.0 904.0 825.0 949.0 716.0 1083.0 990.0 847.0 762.0 760.0 496.0 877.0 949.0 1036.0 930.0 838.0 909.0 1029.0 844.0 1127.0 1095.0 825.0 914.0 1019.0 977.0 1011.0 881.0 861.0 880.0 1128.0 1026.0 833.0 977.0 1025.0 887.0 1122.0 1063.0 1136.0 939.0 918.0 1408.0 911.0 1040.0 800.0 621.0 1072.0 1012.0 1237.0 1070.0 1103.0 914.0 934.0 990.0 1063.0 900.0 1165.0 1056.0 496.0 584.0 9.999999e6 698.0 963.0 854.0 749.0 800.0 797.0 695.0 1126.0 906.0 1063.0
1006.0 952.0 726.0 975.0 904.0 1099.0 970.0 718.0 724.0 717.0 792.0 865.0 1091.0 947.0 799.0 1019.0 986.0 1153.0 817.0 962.0 1142.0 821.0 753.0 947.0 1049.0 854.0 1037.0 771.0 990.0 849.0 997.0 762.0 876.0 887.0 706.0 1021.0 1048.0 951.0 815.0 1010.0 1139.0 945.0 849.0 735.0 540.0 830.0 1132.0 1224.0 873.0 1185.0 1030.0 1111.0 914.0 997.0 1145.0 1084.0 1019.0 657.0 701.0 503.0 9.999999e6 778.0 818.0 489.0 568.0 766.0 516.0 1044.0 925.0 782.0
1050.0 835.0 996.0 835.0 678.0 941.0 962.0 816.0 678.0 689.0 674.0 941.0 1082.0 1102.0 939.0 940.0 806.0 980.0 730.0 1033.0 897.0 948.0 938.0 744.0 874.0 771.0 851.0 887.0 816.0 1099.0 854.0 946.0 871.0 890.0 877.0 921.0 763.0 792.0 777.0 763.0 974.0 649.0 786.0 836.0 649.0 926.0 988.0 1233.0 1064.0 1136.0 964.0 878.0 911.0 720.0 668.0 945.0 1075.0 536.0 538.0 521.0 718.0 9.999999e6 890.0 679.0 736.0 761.0 574.0 1004.0 940.0 774.0
962.0 1085.0 996.0 1061.0 875.0 1138.0 910.0 891.0 667.0 805.0 532.0 810.0 936.0 1081.0 835.0 872.0 885.0 1005.0 724.0 1038.0 1104.0 932.0 725.0 961.0 1082.0 869.0 985.0 773.0 796.0 1099.0 1085.0 877.0 1078.0 1011.0 778.0 957.0 867.0 762.0 795.0 935.0 1018.0 826.0 816.0 782.0 577.0 1090.0 1033.0 1010.0 839.0 1271.0 1019.0 1040.0 1051.0 968.0 862.0 1025.0 967.0 433.0 389.0 404.0 679.0 498.0 9.999999e6 686.0 850.0 801.0 816.0 1138.0 902.0 821.0
1927.0 1983.0 1997.0 1959.0 2157.0 2170.0 2045.0 2221.0 2159.0 2159.0 2264.0 2231.0 2046.0 1910.0 2335.0 2056.0 1966.0 1987.0 2199.0 1989.0 2150.0 1950.0 2147.0 2255.0 2087.0 1995.0 2160.0 2226.0 2154.0 2039.0 2188.0 2019.0 1977.0 2218.0 2043.0 1606.0 1494.0 1604.0 1558.0 1461.0 1832.0 1398.0 1580.0 1490.0 1921.0 1875.0 1859.0 1955.0 1418.0 1962.0 1990.0 2011.0 2198.0 2146.0 2312.0 2146.0 2251.0 2255.0 2335.0 2273.0 1991.0 2373.0 2181.0 9.999999e6 486.0 752.0 415.0 1018.0 923.0 916.0
2129.0 2282.0 2240.0 2197.0 2273.0 2185.0 2270.0 2203.0 2402.0 2253.0 2413.0 2255.0 2321.0 2107.0 2259.0 2100.0 2034.0 2205.0 2269.0 2219.0 2272.0 1814.0 2239.0 2166.0 2161.0 2217.0 2002.0 2092.0 1996.0 2253.0 2289.0 2170.0 2251.0 2071.0 2307.0 1728.0 1627.0 1569.0 1622.0 1533.0 1960.0 1795.0 1579.0 1787.0 2181.0 2233.0 1937.0 1875.0 1408.0 1993.0 2240.0 2289.0 2217.0 2316.0 2263.0 2346.0 2263.0 2179.0 2266.0 2332.0 2320.0 2588.0 2275.0 691.0 9.999999e6 978.0 787.0 1209.0 881.0 963.0
1923.0 1990.0 2082.0 1882.0 1829.0 2080.0 1929.0 1977.0 2138.0 2100.0 2001.0 1977.0 2120.0 1947.0 2141.0 1944.0 1927.0 1964.0 2176.0 2114.0 2267.0 1893.0 1869.0 2108.0 2138.0 1996.0 1960.0 1994.0 2081.0 2130.0 2058.0 1978.0 2068.0 2200.0 2045.0 1592.0 1451.0 1525.0 1531.0 1474.0 1911.0 1520.0 1660.0 1526.0 2080.0 1956.0 1578.0 1999.0 1565.0 1918.0 2259.0 2279.0 2017.0 2238.0 2231.0 2088.0 2038.0 2067.0 1866.0 2106.0 2195.0 2452.0 2069.0 471.0 566.0 9.999999e6 433.0 645.0 552.0 719.0
2271.0 2110.0 2196.0 2019.0 2099.0 2085.0 2033.0 2056.0 2015.0 2050.0 2189.0 2107.0 1949.0 2157.0 2134.0 2041.0 2197.0 2053.0 2072.0 1750.0 2205.0 2042.0 2120.0 2107.0 1977.0 1940.0 2022.0 2106.0 2040.0 1906.0 1854.0 2049.0 1808.0 2076.0 2052.0 1577.0 1404.0 1441.0 1507.0 1539.0 1976.0 1675.0 1460.0 1687.0 2010.0 2212.0 1746.0 1956.0 1659.0 2021.0 1959.0 1995.0 1995.0 1916.0 2095.0 1960.0 2185.0 1916.0 1993.0 2040.0 2181.0 2270.0 2134.0 463.0 443.0 618.0 9.999999e6 909.0 816.0 871.0
2170.0 2021.0 2292.0 1997.0 2202.0 2012.0 2037.0 2216.0 2244.0 2226.0 2018.0 2067.0 2008.0 2096.0 2295.0 2040.0 2053.0 2053.0 2003.0 2067.0 1978.0 2182.0 2142.0 2157.0 2151.0 2089.0 2183.0 1900.0 2175.0 1963.0 2121.0 2044.0 2065.0 1883.0 2122.0 1473.0 1527.0 1532.0 1468.0 1613.0 1794.0 1644.0 1634.0 1441.0 1840.0 2122.0 1932.0 2006.0 1403.0 1761.0 1915.0 1889.0 1926.0 1994.0 1983.0 1999.0 2031.0 1926.0 1662.0 2008.0 2318.0 2310.0 2285.0 386.0 627.0 627.0 759.0 9.999999e6 712.0 749.0
2243.0 2278.0 2112.0 2059.0 2217.0 2099.0 2293.0 2166.0 2311.0 2106.0 2136.0 2348.0 1952.0 1959.0 2380.0 2041.0 2253.0 1954.0 2053.0 1801.0 2215.0 2009.0 2104.0 2283.0 2228.0 2008.0 1935.0 2167.0 2264.0 2064.0 2026.0 2138.0 1856.0 2037.0 1875.0 1612.0 1581.0 1757.0 1682.0 1713.0 1918.0 1738.0 1632.0 1726.0 2061.0 2041.0 1934.0 2100.0 1601.0 2052.0 2200.0 2048.0 2068.0 1979.0 2066.0 1989.0 2081.0 1967.0 1715.0 2213.0 2352.0 2395.0 2113.0 588.0 640.0 641.0 461.0 682.0 9.999999e6 757.0
2058.0 2030.0 2049.0 2062.0 2021.0 2048.0 2033.0 2126.0 2328.0 2299.0 2170.0 2276.0 2164.0 1985.0 2236.0 2245.0 2137.0 1972.0 2182.0 1902.0 2327.0 2130.0 2046.0 2237.0 2246.0 2273.0 2163.0 2031.0 2267.0 1981.0 2073.0 2057.0 1955.0 2224.0 2130.0 1673.0 1669.0 1563.0 1658.0 1645.0 1853.0 1785.0 1729.0 1714.0 1988.0 2230.0 1766.0 1910.0 1507.0 1817.0 2175.0 2111.0 2024.0 2289.0 2177.0 2214.0 2080.0 1984.0 1770.0 2042.0 2173.0 2271.0 2101.0 689.0 522.0 613.0 514.0 589.0 663.0 9.999999e6
