1.0e8 39.0 156.0 141.0 135.0 183.0 108.0 190.0 104.0 76.0 79.0 104.0 130.0 121.0 131.0 167.0 125.0 85.0 65.0 160.0 80.0 162.0 67.0 189.0 128.0 20.0 48.0 126.0 81.0 156.0 172.0 162.0 124.0 95.0 133.0 164.0 97.0 75.0 82.0 142.0 74.0 96.0 87.0 128.0 176.0 119.0 121.0 40.0
41.0 1.0e8 144.0 102.0 96.0 144.0 69.0 152.0 65.0 37.0 40.0 65.0 130.0 121.0 131.0 167.0 125.0 85.0 65.0 166.0 86.0 168.0 73.0 189.0 89.0 26.0 54.0 87.0 87.0 117.0 133.0 123.0 85.0 56.0 133.0 164.0 97.0 75.0 82.0 142.0 80.0 102.0 93.0 134.0 182.0 119.0 121.0 46.0
171.0 130.0 1.0e8 94.0 114.0 162.0 127.0 235.0 157.0 157.0 156.0 188.0 258.0 251.0 239.0 245.0 203.0 215.0 195.0 175.0 157.0 177.0 101.0 295.0 120.0 156.0 141.0 136.0 34.0 135.0 151.0 181.0 177.0 105.0 263.0 288.0 227.0 205.0 176.0 175.0 119.0 70.0 73.0 72.0 191.0 225.0 251.0 133.0
101.0 140.0 81.0 1.0e8 20.0 68.0 33.0 141.0 63.0 63.0 62.0 94.0 164.0 169.0 179.0 215.0 173.0 133.0 113.0 224.0 175.0 216.0 168.0 201.0 26.0 121.0 149.0 42.0 56.0 41.0 57.0 87.0 83.0 11.0 181.0 212.0 145.0 123.0 130.0 190.0 169.0 151.0 154.0 153.0 240.0 167.0 169.0 141.0
121.0 160.0 101.0 20.0 1.0e8 48.0 53.0 158.0 83.0 83.0 82.0 114.0 184.0 189.0 199.0 235.0 193.0 153.0 133.0 244.0 195.0 236.0 188.0 221.0 46.0 141.0 169.0 62.0 76.0 21.0 37.0 89.0 103.0 31.0 201.0 232.0 165.0 143.0 150.0 210.0 189.0 171.0 174.0 173.0 260.0 187.0 189.0 161.0
105.0 144.0 138.0 57.0 37.0 1.0e8 37.0 114.0 67.0 67.0 66.0 98.0 137.0 149.0 183.0 219.0 177.0 137.0 117.0 228.0 179.0 220.0 172.0 174.0 57.0 125.0 153.0 99.0 113.0 58.0 54.0 41.0 87.0 68.0 156.0 187.0 149.0 127.0 134.0 194.0 173.0 201.0 192.0 210.0 244.0 171.0 167.0 145.0
68.0 107.0 114.0 33.0 27.0 75.0 1.0e8 108.0 30.0 30.0 29.0 61.0 131.0 136.0 146.0 182.0 140.0 100.0 80.0 191.0 142.0 183.0 135.0 168.0 20.0 88.0 116.0 75.0 89.0 48.0 64.0 54.0 50.0 44.0 148.0 179.0 112.0 90.0 97.0 157.0 136.0 164.0 155.0 186.0 207.0 134.0 136.0 108.0
230.0 269.0 255.0 182.0 162.0 125.0 162.0 1.0e8 192.0 192.0 191.0 223.0 144.0 156.0 184.0 230.0 215.0 249.0 242.0 332.0 297.0 325.0 297.0 113.0 182.0 250.0 278.0 224.0 238.0 173.0 147.0 104.0 163.0 193.0 147.0 174.0 186.0 252.0 259.0 299.0 298.0 325.0 317.0 327.0 348.0 237.0 174.0 270.0
64.0 103.0 135.0 63.0 57.0 105.0 30.0 87.0 1.0e8 28.0 25.0 31.0 110.0 122.0 142.0 178.0 136.0 96.0 76.0 187.0 138.0 179.0 131.0 147.0 50.0 84.0 112.0 78.0 92.0 78.0 94.0 84.0 20.0 47.0 129.0 160.0 108.0 86.0 93.0 153.0 132.0 160.0 151.0 192.0 203.0 130.0 132.0 104.0
177.0 216.0 107.0 76.0 96.0 144.0 109.0 217.0 139.0 1.0e8 138.0 170.0 240.0 245.0 255.0 291.0 249.0 209.0 189.0 282.0 251.0 284.0 208.0 277.0 102.0 197.0 225.0 50.0 64.0 117.0 133.0 163.0 159.0 19.0 257.0 288.0 221.0 199.0 206.0 266.0 226.0 177.0 180.0 179.0 298.0 243.0 245.0 217.0
39.0 78.0 134.0 62.0 56.0 104.0 29.0 112.0 25.0 27.0 1.0e8 32.0 116.0 107.0 117.0 153.0 111.0 71.0 51.0 162.0 113.0 154.0 106.0 172.0 49.0 59.0 87.0 77.0 91.0 77.0 93.0 83.0 45.0 46.0 119.0 150.0 83.0 61.0 68.0 128.0 107.0 135.0 126.0 167.0 178.0 105.0 107.0 79.0
48.0 87.0 166.0 94.0 88.0 136.0 61.0 118.0 31.0 59.0 32.0 1.0e8 123.0 114.0 124.0 160.0 118.0 78.0 58.0 169.0 120.0 161.0 115.0 178.0 81.0 68.0 96.0 109.0 123.0 109.0 125.0 115.0 51.0 78.0 126.0 157.0 90.0 68.0 75.0 135.0 114.0 144.0 135.0 176.0 185.0 112.0 114.0 88.0
134.0 173.0 180.0 99.0 93.0 113.0 66.0 60.0 96.0 96.0 95.0 127.0 1.0e8 63.0 116.0 162.0 147.0 166.0 146.0 257.0 208.0 249.0 201.0 120.0 86.0 154.0 182.0 141.0 155.0 114.0 130.0 92.0 19.0 110.0 75.0 106.0 93.0 156.0 163.0 223.0 202.0 230.0 221.0 252.0 273.0 169.0 81.0 174.0
179.0 218.0 225.0 144.0 138.0 158.0 111.0 105.0 141.0 141.0 140.0 172.0 45.0 1.0e8 53.0 99.0 84.0 118.0 131.0 202.0 166.0 194.0 241.0 68.0 131.0 199.0 222.0 186.0 200.0 159.0 175.0 137.0 64.0 155.0 12.0 43.0 30.0 201.0 185.0 168.0 209.0 270.0 261.0 297.0 218.0 106.0 18.0 214.0
165.0 204.0 290.0 209.0 203.0 223.0 176.0 165.0 206.0 206.0 192.0 199.0 110.0 82.0 1.0e8 46.0 31.0 65.0 78.0 149.0 113.0 141.0 188.0 95.0 196.0 185.0 169.0 251.0 224.0 224.0 240.0 202.0 129.0 220.0 70.0 49.0 77.0 167.0 132.0 115.0 156.0 217.0 208.0 249.0 165.0 53.0 100.0 161.0
170.0 209.0 295.0 214.0 208.0 228.0 181.0 175.0 211.0 211.0 197.0 204.0 115.0 106.0 72.0 1.0e8 36.0 70.0 83.0 109.0 118.0 146.0 193.0 133.0 201.0 190.0 174.0 256.0 229.0 229.0 245.0 207.0 134.0 225.0 108.0 87.0 82.0 172.0 137.0 120.0 161.0 196.0 213.0 228.0 125.0 58.0 106.0 166.0
134.0 173.0 259.0 178.0 172.0 192.0 145.0 139.0 175.0 175.0 161.0 168.0 79.0 70.0 36.0 82.0 1.0e8 34.0 47.0 118.0 82.0 110.0 157.0 131.0 165.0 154.0 138.0 220.0 193.0 193.0 209.0 171.0 98.0 189.0 82.0 85.0 46.0 136.0 101.0 84.0 125.0 186.0 177.0 218.0 134.0 22.0 70.0 130.0
146.0 185.0 225.0 144.0 138.0 158.0 111.0 105.0 141.0 141.0 140.0 172.0 45.0 36.0 46.0 92.0 77.0 1.0e8 59.0 130.0 94.0 122.0 169.0 104.0 131.0 166.0 150.0 186.0 200.0 159.0 175.0 137.0 64.0 155.0 48.0 79.0 12.0 148.0 113.0 96.0 137.0 198.0 189.0 230.0 146.0 34.0 36.0 142.0
166.0 205.0 245.0 164.0 158.0 178.0 131.0 125.0 161.0 161.0 160.0 192.0 65.0 56.0 66.0 112.0 97.0 20.0 1.0e8 150.0 114.0 142.0 189.0 124.0 151.0 186.0 170.0 206.0 220.0 179.0 195.0 157.0 84.0 175.0 68.0 99.0 32.0 168.0 133.0 116.0 157.0 218.0 209.0 250.0 166.0 54.0 56.0 162.0
80.0 119.0 214.0 169.0 163.0 211.0 136.0 197.0 132.0 134.0 107.0 114.0 137.0 128.0 110.0 81.0 74.0 92.0 72.0 1.0e8 28.0 56.0 103.0 196.0 156.0 100.0 84.0 184.0 139.0 184.0 200.0 190.0 152.0 153.0 140.0 159.0 104.0 82.0 47.0 30.0 71.0 132.0 123.0 164.0 16.0 96.0 128.0 76.0
52.0 91.0 201.0 141.0 135.0 183.0 108.0 169.0 104.0 106.0 79.0 86.0 109.0 100.0 82.0 88.0 46.0 64.0 44.0 97.0 1.0e8 89.0 90.0 168.0 128.0 72.0 71.0 156.0 126.0 156.0 172.0 162.0 124.0 125.0 112.0 131.0 76.0 54.0 19.0 63.0 58.0 119.0 110.0 151.0 113.0 68.0 100.0 63.0
124.0 102.0 186.0 173.0 193.0 241.0 171.0 241.0 167.0 139.0 142.0 158.0 181.0 172.0 154.0 160.0 118.0 136.0 116.0 168.0 72.0 1.0e8 75.0 240.0 191.0 128.0 56.0 189.0 111.0 214.0 230.0 225.0 187.0 158.0 184.0 203.0 148.0 126.0 91.0 135.0 34.0 104.0 95.0 136.0 184.0 140.0 172.0 48.0
108.0 86.0 131.0 118.0 138.0 186.0 151.0 225.0 151.0 123.0 126.0 142.0 165.0 156.0 138.0 144.0 102.0 120.0 100.0 93.0 56.0 95.0 1.0e8 224.0 144.0 112.0 40.0 160.0 56.0 159.0 175.0 205.0 171.0 129.0 168.0 187.0 132.0 110.0 75.0 93.0 18.0 29.0 29.0 61.0 109.0 124.0 156.0 32.0
172.0 211.0 218.0 137.0 131.0 151.0 104.0 80.0 134.0 134.0 133.0 165.0 38.0 44.0 75.0 121.0 106.0 140.0 153.0 224.0 188.0 216.0 239.0 1.0e8 124.0 192.0 220.0 179.0 193.0 152.0 168.0 130.0 57.0 148.0 34.0 65.0 74.0 194.0 201.0 190.0 231.0 268.0 259.0 290.0 240.0 128.0 62.0 212.0
128.0 167.0 108.0 27.0 7.0 55.0 60.0 165.0 90.0 90.0 89.0 121.0 191.0 196.0 206.0 242.0 200.0 160.0 140.0 251.0 202.0 243.0 195.0 228.0 1.0e8 148.0 176.0 69.0 83.0 28.0 44.0 96.0 110.0 38.0 208.0 239.0 172.0 150.0 157.0 217.0 196.0 178.0 181.0 180.0 267.0 194.0 196.0 168.0
53.0 19.0 136.0 121.0 115.0 163.0 88.0 170.0 84.0 56.0 59.0 84.0 110.0 101.0 111.0 147.0 105.0 65.0 45.0 140.0 60.0 142.0 47.0 169.0 108.0 1.0e8 28.0 106.0 61.0 136.0 152.0 142.0 104.0 75.0 113.0 144.0 77.0 55.0 62.0 122.0 54.0 76.0 67.0 108.0 156.0 99.0 101.0 20.0
87.0 46.0 130.0 117.0 137.0 185.0 115.0 198.0 111.0 83.0 86.0 111.0 176.0 167.0 176.0 182.0 140.0 131.0 111.0 131.0 94.0 133.0 38.0 235.0 135.0 72.0 1.0e8 133.0 55.0 158.0 174.0 169.0 131.0 102.0 179.0 210.0 143.0 121.0 113.0 131.0 56.0 67.0 39.0 99.0 147.0 162.0 167.0 70.0
155.0 194.0 85.0 54.0 74.0 122.0 87.0 195.0 117.0 117.0 116.0 148.0 218.0 223.0 233.0 269.0 227.0 187.0 167.0 260.0 229.0 262.0 186.0 255.0 80.0 175.0 203.0 1.0e8 14.0 95.0 111.0 141.0 137.0 65.0 235.0 266.0 199.0 177.0 184.0 244.0 204.0 155.0 158.0 157.0 276.0 221.0 223.0 195.0
163.0 202.0 75.0 62.0 82.0 130.0 95.0 203.0 125.0 125.0 124.0 156.0 226.0 231.0 241.0 277.0 235.0 195.0 175.0 250.0 232.0 252.0 176.0 263.0 88.0 183.0 211.0 104.0 1.0e8 103.0 119.0 149.0 145.0 73.0 243.0 274.0 207.0 185.0 192.0 250.0 194.0 145.0 148.0 147.0 266.0 229.0 231.0 203.0
143.0 182.0 109.0 42.0 51.0 55.0 75.0 165.0 105.0 105.0 104.0 136.0 192.0 204.0 221.0 257.0 215.0 175.0 155.0 266.0 217.0 258.0 210.0 228.0 68.0 163.0 191.0 84.0 98.0 1.0e8 44.0 96.0 125.0 53.0 211.0 242.0 187.0 165.0 172.0 232.0 211.0 179.0 182.0 181.0 282.0 209.0 211.0 183.0
116.0 155.0 138.0 57.0 37.0 11.0 48.0 121.0 78.0 78.0 77.0 109.0 148.0 160.0 194.0 230.0 188.0 148.0 128.0 239.0 190.0 231.0 183.0 184.0 68.0 136.0 164.0 99.0 113.0 44.0 1.0e8 52.0 98.0 68.0 167.0 198.0 160.0 138.0 145.0 205.0 184.0 208.0 203.0 210.0 255.0 182.0 178.0 156.0
126.0 165.0 159.0 78.0 58.0 21.0 58.0 108.0 88.0 88.0 87.0 119.0 155.0 167.0 204.0 240.0 198.0 158.0 138.0 249.0 200.0 241.0 193.0 171.0 78.0 146.0 174.0 120.0 134.0 79.0 44.0 1.0e8 108.0 89.0 174.0 205.0 170.0 148.0 155.0 215.0 194.0 222.0 213.0 231.0 265.0 192.0 185.0 166.0
115.0 154.0 161.0 80.0 74.0 94.0 47.0 67.0 77.0 77.0 76.0 108.0 90.0 102.0 150.0 196.0 181.0 147.0 127.0 238.0 189.0 230.0 182.0 127.0 67.0 135.0 163.0 122.0 136.0 95.0 111.0 73.0 1.0e8 91.0 109.0 140.0 132.0 137.0 144.0 204.0 183.0 211.0 202.0 233.0 254.0 181.0 120.0 155.0
158.0 197.0 88.0 57.0 77.0 125.0 90.0 198.0 120.0 55.0 119.0 151.0 221.0 226.0 236.0 272.0 230.0 190.0 170.0 263.0 232.0 265.0 189.0 258.0 83.0 178.0 206.0 31.0 45.0 98.0 114.0 144.0 140.0 1.0e8 238.0 269.0 202.0 180.0 187.0 247.0 207.0 158.0 161.0 160.0 279.0 224.0 226.0 198.0
190.0 229.0 236.0 155.0 149.0 169.0 122.0 98.0 152.0 152.0 151.0 183.0 56.0 12.0 41.0 87.0 72.0 106.0 119.0 190.0 154.0 182.0 229.0 56.0 142.0 210.0 210.0 197.0 211.0 170.0 186.0 148.0 75.0 166.0 1.0e8 31.0 42.0 208.0 173.0 156.0 197.0 258.0 249.0 290.0 206.0 94.0 30.0 202.0
175.0 214.0 300.0 219.0 213.0 233.0 186.0 175.0 216.0 216.0 202.0 209.0 120.0 92.0 10.0 56.0 41.0 75.0 88.0 159.0 123.0 151.0 198.0 105.0 206.0 195.0 179.0 261.0 234.0 234.0 250.0 212.0 139.0 230.0 80.0 1.0e8 87.0 177.0 142.0 125.0 166.0 227.0 218.0 259.0 175.0 63.0 110.0 171.0
199.0 238.0 324.0 243.0 237.0 257.0 210.0 199.0 240.0 240.0 226.0 233.0 144.0 116.0 34.0 80.0 65.0 99.0 112.0 183.0 147.0 175.0 222.0 129.0 230.0 219.0 203.0 285.0 258.0 258.0 274.0 236.0 163.0 254.0 104.0 83.0 1.0e8 201.0 166.0 149.0 190.0 251.0 242.0 283.0 199.0 87.0 134.0 195.0
40.0 79.0 189.0 129.0 123.0 171.0 96.0 157.0 92.0 94.0 67.0 74.0 97.0 88.0 86.0 92.0 50.0 52.0 32.0 101.0 52.0 93.0 78.0 156.0 116.0 60.0 59.0 144.0 114.0 144.0 160.0 150.0 112.0 113.0 100.0 131.0 64.0 1.0e8 7.0 67.0 46.0 107.0 98.0 139.0 117.0 72.0 88.0 51.0
33.0 72.0 182.0 122.0 116.0 164.0 89.0 150.0 85.0 87.0 60.0 67.0 90.0 81.0 91.0 127.0 85.0 45.0 25.0 136.0 45.0 128.0 71.0 149.0 109.0 53.0 52.0 137.0 107.0 137.0 153.0 143.0 105.0 106.0 93.0 124.0 57.0 35.0 1.0e8 102.0 39.0 100.0 91.0 132.0 152.0 79.0 81.0 44.0
99.0 100.0 184.0 171.0 182.0 230.0 155.0 216.0 151.0 137.0 126.0 133.0 156.0 147.0 129.0 122.0 93.0 111.0 91.0 41.0 47.0 26.0 73.0 215.0 175.0 119.0 54.0 187.0 109.0 203.0 219.0 209.0 171.0 156.0 159.0 178.0 123.0 101.0 66.0 1.0e8 41.0 102.0 93.0 134.0 57.0 115.0 147.0 46.0
90.0 68.0 152.0 139.0 159.0 207.0 137.0 207.0 133.0 105.0 108.0 124.0 147.0 138.0 120.0 126.0 84.0 102.0 82.0 134.0 38.0 127.0 41.0 206.0 157.0 94.0 22.0 155.0 77.0 180.0 196.0 191.0 153.0 124.0 150.0 169.0 114.0 92.0 57.0 101.0 1.0e8 70.0 61.0 102.0 150.0 106.0 138.0 14.0
160.0 119.0 119.0 151.0 171.0 219.0 184.0 271.0 184.0 156.0 159.0 184.0 226.0 217.0 199.0 186.0 163.0 181.0 161.0 105.0 117.0 107.0 61.0 285.0 177.0 145.0 101.0 193.0 89.0 190.0 208.0 238.0 204.0 162.0 229.0 248.0 193.0 171.0 136.0 105.0 79.0 1.0e8 62.0 32.0 121.0 185.0 217.0 93.0
98.0 57.0 102.0 89.0 109.0 157.0 122.0 209.0 122.0 94.0 97.0 122.0 187.0 178.0 167.0 173.0 131.0 142.0 122.0 122.0 85.0 124.0 29.0 246.0 115.0 83.0 69.0 131.0 27.0 130.0 146.0 176.0 142.0 100.0 190.0 216.0 154.0 132.0 104.0 122.0 47.0 58.0 1.0e8 67.0 138.0 153.0 178.0 61.0
128.0 87.0 120.0 119.0 139.0 187.0 152.0 239.0 152.0 124.0 127.0 152.0 194.0 185.0 167.0 173.0 131.0 149.0 129.0 122.0 85.0 124.0 29.0 253.0 145.0 113.0 69.0 161.0 57.0 160.0 176.0 206.0 172.0 130.0 197.0 216.0 161.0 139.0 104.0 122.0 47.0 58.0 30.0 1.0e8 138.0 153.0 185.0 61.0
150.0 189.0 276.0 239.0 233.0 281.0 206.0 240.0 202.0 204.0 177.0 184.0 180.0 171.0 137.0 65.0 101.0 135.0 142.0 70.0 98.0 112.0 167.0 198.0 226.0 170.0 154.0 254.0 209.0 254.0 270.0 260.0 199.0 223.0 173.0 152.0 147.0 152.0 117.0 100.0 141.0 157.0 193.0 189.0 1.0e8 123.0 171.0 146.0
112.0 151.0 246.0 201.0 195.0 237.0 168.0 184.0 164.0 166.0 139.0 146.0 124.0 115.0 81.0 87.0 45.0 79.0 92.0 96.0 60.0 88.0 135.0 176.0 188.0 132.0 116.0 216.0 171.0 216.0 232.0 216.0 143.0 185.0 127.0 130.0 91.0 114.0 79.0 62.0 103.0 164.0 155.0 196.0 112.0 1.0e8 115.0 108.0
211.0 250.0 336.0 255.0 249.0 269.0 222.0 211.0 252.0 252.0 238.0 245.0 156.0 128.0 46.0 92.0 77.0 111.0 124.0 195.0 159.0 187.0 234.0 141.0 242.0 231.0 215.0 297.0 270.0 270.0 286.0 248.0 175.0 266.0 116.0 95.0 12.0 213.0 178.0 161.0 202.0 263.0 254.0 295.0 211.0 99.0 1.0e8 207.0
95.0 54.0 138.0 125.0 145.0 193.0 123.0 206.0 119.0 91.0 94.0 119.0 184.0 175.0 165.0 171.0 129.0 139.0 119.0 120.0 83.0 122.0 27.0 243.0 143.0 80.0 8.0 141.0 63.0 166.0 182.0 177.0 139.0 110.0 187.0 214.0 151.0 129.0 102.0 120.0 45.0 56.0 47.0 88.0 136.0 151.0 175.0 0.0
