1.0e8 26.0 46.0 74.0 82.0 65.0 102.0 100.0 147.0 134.0 75.0 69.0 106.0 117.0 42.0 71.0 158.0 89.0 125.0 38.0 40.0 13.0 103.0 143.0 94.0 104.0 123.0 140.0 98.0 58.0 38.0 30.0 67.0 120.0 149.0 100.0 115.0 141.0 94.0 93.0 122.0 113.0 162.0 62.0 66.0
66.0 1.0e8 20.0 48.0 56.0 39.0 76.0 109.0 156.0 140.0 141.0 135.0 172.0 183.0 108.0 137.0 224.0 155.0 190.0 104.0 76.0 79.0 130.0 176.0 121.0 131.0 150.0 167.0 125.0 85.0 65.0 57.0 94.0 147.0 160.0 80.0 142.0 162.0 74.0 67.0 96.0 87.0 189.0 128.0 40.0
46.0 53.0 1.0e8 28.0 36.0 19.0 56.0 89.0 136.0 120.0 121.0 115.0 152.0 163.0 88.0 117.0 204.0 135.0 170.0 84.0 56.0 59.0 110.0 156.0 101.0 111.0 130.0 147.0 105.0 65.0 45.0 37.0 74.0 127.0 140.0 60.0 122.0 142.0 54.0 47.0 76.0 67.0 169.0 108.0 20.0
73.0 87.0 72.0 1.0e8 30.0 46.0 50.0 83.0 130.0 114.0 117.0 137.0 174.0 185.0 115.0 144.0 231.0 162.0 198.0 111.0 83.0 86.0 176.0 216.0 167.0 176.0 195.0 182.0 140.0 131.0 111.0 103.0 109.0 162.0 131.0 94.0 131.0 133.0 56.0 38.0 67.0 39.0 235.0 135.0 70.0
43.0 57.0 42.0 70.0 1.0e8 16.0 20.0 53.0 100.0 84.0 87.0 107.0 144.0 155.0 85.0 114.0 201.0 132.0 168.0 81.0 53.0 56.0 146.0 186.0 137.0 147.0 166.0 183.0 141.0 101.0 81.0 73.0 110.0 163.0 164.0 102.0 158.0 166.0 89.0 71.0 100.0 42.0 205.0 105.0 62.0
27.0 41.0 26.0 54.0 62.0 1.0e8 82.0 97.0 144.0 131.0 102.0 96.0 133.0 144.0 69.0 98.0 185.0 116.0 152.0 65.0 37.0 40.0 130.0 170.0 121.0 131.0 150.0 167.0 125.0 85.0 65.0 57.0 94.0 147.0 166.0 86.0 142.0 168.0 80.0 73.0 102.0 93.0 189.0 89.0 46.0
106.0 120.0 105.0 91.0 63.0 79.0 1.0e8 33.0 80.0 64.0 67.0 87.0 124.0 135.0 100.0 129.0 199.0 147.0 208.0 130.0 116.0 119.0 209.0 226.0 200.0 189.0 208.0 195.0 153.0 164.0 144.0 136.0 122.0 175.0 144.0 107.0 144.0 146.0 69.0 51.0 80.0 22.0 268.0 93.0 83.0
109.0 135.0 155.0 183.0 161.0 174.0 142.0 1.0e8 47.0 34.0 34.0 54.0 91.0 102.0 67.0 96.0 166.0 114.0 175.0 97.0 97.0 96.0 198.0 193.0 203.0 213.0 232.0 249.0 207.0 167.0 147.0 139.0 176.0 229.0 222.0 204.0 222.0 224.0 166.0 148.0 117.0 120.0 235.0 60.0 175.0
157.0 171.0 156.0 141.0 114.0 130.0 95.0 60.0 1.0e8 40.0 94.0 114.0 151.0 162.0 127.0 156.0 226.0 174.0 235.0 157.0 157.0 156.0 258.0 253.0 251.0 239.0 258.0 245.0 203.0 215.0 195.0 187.0 172.0 207.0 175.0 157.0 175.0 177.0 119.0 101.0 70.0 73.0 295.0 120.0 133.0
143.0 169.0 174.0 159.0 132.0 148.0 113.0 34.0 31.0 1.0e8 68.0 88.0 122.0 133.0 101.0 130.0 197.0 148.0 209.0 131.0 131.0 130.0 232.0 227.0 237.0 247.0 266.0 263.0 221.0 201.0 181.0 173.0 190.0 225.0 193.0 175.0 193.0 195.0 137.0 119.0 88.0 91.0 269.0 94.0 151.0
75.0 101.0 121.0 149.0 157.0 140.0 176.0 34.0 81.0 68.0 1.0e8 20.0 57.0 68.0 33.0 62.0 132.0 80.0 141.0 63.0 63.0 62.0 164.0 159.0 169.0 179.0 198.0 215.0 173.0 133.0 113.0 105.0 142.0 195.0 224.0 175.0 190.0 216.0 169.0 168.0 151.0 154.0 201.0 26.0 141.0
95.0 121.0 141.0 169.0 177.0 160.0 196.0 54.0 101.0 88.0 20.0 1.0e8 37.0 48.0 53.0 82.0 112.0 100.0 158.0 83.0 83.0 82.0 184.0 179.0 189.0 199.0 218.0 235.0 193.0 153.0 133.0 125.0 162.0 215.0 244.0 195.0 210.0 236.0 189.0 188.0 171.0 174.0 221.0 46.0 161.0
90.0 116.0 136.0 164.0 172.0 155.0 192.0 91.0 138.0 122.0 57.0 37.0 1.0e8 11.0 48.0 46.0 75.0 64.0 121.0 78.0 78.0 77.0 148.0 143.0 160.0 194.0 213.0 230.0 188.0 148.0 128.0 120.0 157.0 210.0 239.0 190.0 205.0 231.0 184.0 183.0 208.0 203.0 184.0 68.0 156.0
79.0 105.0 125.0 153.0 161.0 144.0 181.0 91.0 138.0 125.0 57.0 37.0 54.0 1.0e8 37.0 35.0 103.0 53.0 114.0 67.0 67.0 66.0 137.0 132.0 149.0 183.0 202.0 219.0 177.0 137.0 117.0 109.0 146.0 199.0 228.0 179.0 194.0 220.0 173.0 172.0 201.0 192.0 174.0 57.0 145.0
42.0 68.0 88.0 116.0 124.0 107.0 144.0 67.0 114.0 101.0 33.0 27.0 64.0 75.0 1.0e8 29.0 116.0 47.0 108.0 30.0 30.0 29.0 131.0 126.0 136.0 146.0 165.0 182.0 140.0 100.0 80.0 72.0 109.0 162.0 191.0 142.0 157.0 183.0 136.0 135.0 164.0 155.0 168.0 20.0 108.0
101.0 127.0 147.0 175.0 183.0 166.0 203.0 126.0 173.0 160.0 92.0 83.0 69.0 46.0 59.0 1.0e8 87.0 18.0 79.0 89.0 89.0 88.0 102.0 97.0 114.0 162.0 181.0 208.0 193.0 159.0 139.0 131.0 168.0 221.0 250.0 201.0 216.0 242.0 195.0 194.0 223.0 214.0 139.0 79.0 167.0
92.0 118.0 138.0 166.0 174.0 157.0 194.0 117.0 164.0 151.0 83.0 77.0 114.0 97.0 50.0 51.0 1.0e8 9.0 46.0 80.0 80.0 79.0 93.0 88.0 105.0 153.0 172.0 199.0 184.0 150.0 130.0 122.0 159.0 212.0 241.0 192.0 207.0 233.0 186.0 185.0 214.0 205.0 130.0 70.0 158.0
83.0 109.0 129.0 157.0 165.0 148.0 185.0 108.0 155.0 142.0 74.0 68.0 105.0 88.0 41.0 42.0 129.0 1.0e8 61.0 71.0 71.0 70.0 84.0 79.0 96.0 144.0 163.0 190.0 175.0 141.0 121.0 113.0 150.0 203.0 232.0 183.0 198.0 224.0 177.0 176.0 205.0 196.0 121.0 61.0 149.0
204.0 230.0 250.0 278.0 286.0 269.0 306.0 216.0 255.0 237.0 182.0 162.0 147.0 125.0 162.0 160.0 114.0 123.0 1.0e8 192.0 192.0 191.0 144.0 139.0 156.0 184.0 165.0 230.0 215.0 249.0 242.0 234.0 251.0 282.0 332.0 297.0 299.0 325.0 298.0 297.0 325.0 317.0 113.0 182.0 270.0
38.0 64.0 84.0 112.0 120.0 103.0 140.0 88.0 135.0 122.0 63.0 57.0 94.0 105.0 30.0 59.0 146.0 77.0 87.0 1.0e8 28.0 25.0 110.0 105.0 122.0 142.0 161.0 178.0 136.0 96.0 76.0 68.0 105.0 158.0 187.0 138.0 153.0 179.0 132.0 131.0 160.0 151.0 147.0 50.0 104.0
151.0 177.0 197.0 225.0 221.0 216.0 202.0 60.0 107.0 94.0 76.0 96.0 133.0 144.0 109.0 138.0 208.0 156.0 217.0 139.0 1.0e8 138.0 240.0 235.0 245.0 255.0 274.0 291.0 249.0 209.0 189.0 181.0 218.0 271.0 282.0 251.0 266.0 284.0 226.0 208.0 177.0 180.0 277.0 102.0 217.0
13.0 39.0 59.0 87.0 95.0 78.0 115.0 87.0 134.0 121.0 62.0 56.0 93.0 104.0 29.0 58.0 145.0 76.0 112.0 25.0 27.0 1.0e8 116.0 130.0 107.0 117.0 136.0 153.0 111.0 71.0 51.0 43.0 80.0 133.0 162.0 113.0 128.0 154.0 107.0 106.0 135.0 126.0 172.0 49.0 79.0
108.0 134.0 154.0 182.0 190.0 173.0 210.0 133.0 180.0 167.0 99.0 93.0 130.0 113.0 66.0 67.0 154.0 85.0 60.0 96.0 96.0 95.0 1.0e8 46.0 63.0 116.0 135.0 162.0 147.0 166.0 146.0 138.0 175.0 221.0 257.0 208.0 223.0 249.0 202.0 201.0 230.0 221.0 120.0 86.0 174.0
127.0 153.0 173.0 201.0 209.0 192.0 229.0 152.0 199.0 186.0 118.0 112.0 149.0 132.0 85.0 86.0 173.0 104.0 79.0 115.0 115.0 114.0 19.0 1.0e8 17.0 70.0 89.0 116.0 101.0 135.0 148.0 157.0 137.0 175.0 219.0 183.0 185.0 211.0 221.0 220.0 249.0 240.0 85.0 105.0 193.0
153.0 179.0 199.0 222.0 235.0 218.0 255.0 178.0 225.0 212.0 144.0 138.0 175.0 158.0 111.0 112.0 199.0 130.0 105.0 141.0 141.0 140.0 45.0 57.0 1.0e8 53.0 72.0 99.0 84.0 118.0 131.0 183.0 120.0 158.0 202.0 166.0 168.0 194.0 209.0 241.0 270.0 261.0 68.0 131.0 214.0
179.0 165.0 185.0 169.0 199.0 204.0 219.0 243.0 290.0 277.0 209.0 203.0 240.0 223.0 176.0 177.0 260.0 195.0 165.0 206.0 206.0 192.0 110.0 112.0 82.0 1.0e8 19.0 46.0 31.0 65.0 78.0 149.0 67.0 105.0 149.0 113.0 115.0 141.0 156.0 188.0 217.0 208.0 95.0 196.0 161.0
212.0 205.0 225.0 209.0 239.0 244.0 259.0 237.0 284.0 271.0 203.0 197.0 234.0 217.0 170.0 171.0 241.0 189.0 146.0 200.0 200.0 199.0 104.0 93.0 63.0 40.0 1.0e8 67.0 71.0 105.0 118.0 189.0 107.0 117.0 167.0 153.0 155.0 181.0 196.0 228.0 254.0 248.0 76.0 190.0 201.0
184.0 170.0 190.0 174.0 204.0 209.0 224.0 248.0 295.0 282.0 214.0 208.0 245.0 228.0 181.0 182.0 269.0 200.0 175.0 211.0 211.0 197.0 115.0 150.0 106.0 72.0 57.0 1.0e8 36.0 70.0 83.0 154.0 72.0 59.0 109.0 118.0 120.0 146.0 161.0 193.0 196.0 213.0 133.0 201.0 166.0
148.0 134.0 154.0 138.0 168.0 173.0 188.0 212.0 259.0 246.0 178.0 172.0 209.0 192.0 145.0 146.0 233.0 164.0 139.0 175.0 175.0 161.0 79.0 125.0 70.0 36.0 55.0 82.0 1.0e8 34.0 47.0 118.0 36.0 89.0 118.0 82.0 84.0 110.0 125.0 157.0 186.0 177.0 131.0 165.0 130.0
153.0 146.0 166.0 150.0 180.0 185.0 200.0 178.0 225.0 212.0 144.0 138.0 175.0 158.0 111.0 112.0 199.0 130.0 105.0 141.0 141.0 140.0 45.0 91.0 36.0 46.0 65.0 92.0 77.0 1.0e8 59.0 130.0 48.0 101.0 130.0 94.0 96.0 122.0 137.0 169.0 198.0 189.0 104.0 131.0 142.0
173.0 166.0 186.0 170.0 200.0 205.0 220.0 198.0 245.0 232.0 164.0 158.0 195.0 178.0 131.0 132.0 219.0 150.0 125.0 161.0 161.0 160.0 65.0 111.0 56.0 66.0 85.0 112.0 97.0 20.0 1.0e8 150.0 68.0 121.0 150.0 114.0 116.0 142.0 157.0 189.0 218.0 209.0 124.0 151.0 162.0
30.0 16.0 36.0 64.0 72.0 55.0 92.0 125.0 172.0 156.0 105.0 99.0 136.0 147.0 72.0 101.0 188.0 119.0 133.0 68.0 70.0 43.0 73.0 119.0 64.0 74.0 93.0 110.0 68.0 28.0 8.0 1.0e8 37.0 90.0 119.0 70.0 85.0 111.0 64.0 83.0 112.0 103.0 132.0 92.0 56.0
112.0 98.0 118.0 102.0 132.0 137.0 152.0 185.0 232.0 216.0 187.0 181.0 218.0 223.0 154.0 177.0 264.0 195.0 170.0 150.0 152.0 125.0 110.0 156.0 101.0 67.0 86.0 73.0 31.0 65.0 78.0 82.0 1.0e8 53.0 82.0 46.0 48.0 74.0 89.0 121.0 150.0 141.0 162.0 174.0 94.0
144.0 130.0 150.0 134.0 164.0 169.0 184.0 217.0 256.0 225.0 219.0 213.0 250.0 261.0 186.0 215.0 302.0 233.0 234.0 182.0 184.0 157.0 174.0 209.0 165.0 131.0 116.0 59.0 95.0 129.0 122.0 114.0 93.0 1.0e8 50.0 78.0 80.0 92.0 121.0 147.0 137.0 173.0 192.0 206.0 126.0
94.0 80.0 100.0 84.0 114.0 119.0 134.0 167.0 214.0 198.0 169.0 163.0 200.0 211.0 136.0 165.0 252.0 183.0 197.0 132.0 134.0 107.0 137.0 183.0 128.0 110.0 129.0 81.0 74.0 92.0 72.0 64.0 43.0 57.0 1.0e8 28.0 30.0 56.0 71.0 103.0 132.0 123.0 196.0 156.0 76.0
66.0 52.0 72.0 71.0 101.0 91.0 121.0 154.0 201.0 185.0 141.0 135.0 172.0 183.0 108.0 137.0 224.0 155.0 169.0 104.0 106.0 79.0 109.0 155.0 100.0 82.0 101.0 88.0 46.0 64.0 44.0 36.0 15.0 68.0 97.0 1.0e8 63.0 89.0 58.0 90.0 119.0 110.0 168.0 128.0 63.0
113.0 99.0 119.0 54.0 84.0 100.0 104.0 137.0 184.0 168.0 171.0 182.0 219.0 230.0 155.0 184.0 271.0 202.0 216.0 151.0 137.0 126.0 156.0 202.0 147.0 129.0 148.0 122.0 93.0 111.0 91.0 83.0 62.0 73.0 41.0 47.0 1.0e8 26.0 41.0 73.0 102.0 93.0 215.0 175.0 46.0
129.0 124.0 128.0 56.0 86.0 102.0 106.0 139.0 186.0 170.0 173.0 193.0 230.0 241.0 171.0 200.0 287.0 218.0 241.0 167.0 139.0 142.0 181.0 227.0 172.0 154.0 173.0 160.0 118.0 136.0 116.0 108.0 87.0 140.0 168.0 72.0 135.0 1.0e8 34.0 75.0 104.0 95.0 240.0 191.0 48.0
95.0 90.0 94.0 22.0 52.0 68.0 72.0 105.0 152.0 136.0 139.0 159.0 196.0 207.0 137.0 166.0 253.0 184.0 207.0 133.0 105.0 108.0 147.0 193.0 138.0 120.0 139.0 126.0 84.0 102.0 82.0 74.0 53.0 106.0 134.0 38.0 101.0 127.0 1.0e8 41.0 70.0 61.0 206.0 157.0 14.0
113.0 108.0 112.0 40.0 70.0 86.0 51.0 84.0 131.0 115.0 118.0 138.0 175.0 186.0 151.0 180.0 250.0 198.0 225.0 151.0 123.0 126.0 165.0 211.0 156.0 138.0 157.0 144.0 102.0 120.0 100.0 92.0 71.0 124.0 93.0 56.0 93.0 95.0 18.0 1.0e8 29.0 29.0 224.0 144.0 32.0
146.0 160.0 145.0 101.0 103.0 119.0 84.0 117.0 119.0 88.0 151.0 171.0 208.0 219.0 184.0 213.0 283.0 231.0 271.0 184.0 156.0 159.0 226.0 272.0 217.0 199.0 218.0 186.0 163.0 181.0 161.0 153.0 132.0 137.0 105.0 117.0 105.0 107.0 79.0 61.0 1.0e8 62.0 285.0 177.0 93.0
84.0 98.0 83.0 69.0 41.0 57.0 22.0 55.0 102.0 86.0 89.0 109.0 146.0 157.0 122.0 151.0 221.0 169.0 209.0 122.0 94.0 97.0 187.0 227.0 178.0 167.0 186.0 173.0 131.0 142.0 122.0 114.0 100.0 153.0 122.0 85.0 122.0 124.0 47.0 29.0 58.0 1.0e8 246.0 115.0 61.0
146.0 172.0 192.0 220.0 228.0 211.0 248.0 171.0 218.0 205.0 137.0 131.0 168.0 151.0 104.0 105.0 192.0 123.0 80.0 134.0 134.0 133.0 38.0 27.0 44.0 75.0 76.0 121.0 106.0 140.0 153.0 176.0 142.0 180.0 224.0 188.0 190.0 216.0 231.0 239.0 268.0 259.0 1.0e8 124.0 212.0
102.0 128.0 148.0 176.0 184.0 167.0 203.0 61.0 108.0 95.0 27.0 7.0 44.0 55.0 60.0 89.0 119.0 107.0 165.0 90.0 90.0 89.0 191.0 186.0 196.0 206.0 225.0 242.0 200.0 160.0 140.0 132.0 169.0 222.0 251.0 202.0 217.0 243.0 196.0 195.0 178.0 181.0 228.0 1.0e8 168.0
81.0 95.0 80.0 8.0 38.0 54.0 58.0 91.0 138.0 122.0 125.0 145.0 182.0 193.0 123.0 152.0 239.0 170.0 206.0 119.0 91.0 94.0 184.0 224.0 175.0 165.0 184.0 171.0 129.0 139.0 119.0 111.0 98.0 151.0 120.0 83.0 120.0 122.0 45.0 27.0 56.0 47.0 243.0 143.0 0.0
