1.0e8 26.0 46.0 74.0 82.0 65.0 90.0 104.0 102.0 100.0 147.0 134.0 90.0 75.0 69.0 106.0 117.0 42.0 71.0 96.0 158.0 89.0 76.0 125.0 38.0 40.0 58.0 59.0 13.0 38.0 31.0 22.0 103.0 143.0 106.0 94.0 137.0 104.0 123.0 140.0 98.0 70.0 58.0 38.0 30.0 48.0 67.0 118.0 120.0 105.0 149.0 140.0 100.0 55.0 115.0 141.0 94.0 93.0 122.0 113.0 162.0 154.0 76.0 118.0 36.0 21.0 62.0 165.0 92.0 94.0 66.0
66.0 1.0e8 20.0 48.0 56.0 39.0 126.0 81.0 76.0 109.0 156.0 140.0 156.0 141.0 135.0 172.0 183.0 108.0 137.0 162.0 224.0 155.0 142.0 190.0 104.0 76.0 124.0 95.0 79.0 104.0 97.0 88.0 130.0 176.0 133.0 121.0 164.0 131.0 150.0 167.0 125.0 97.0 85.0 65.0 57.0 75.0 94.0 145.0 147.0 132.0 160.0 151.0 80.0 82.0 142.0 162.0 74.0 67.0 96.0 87.0 189.0 128.0 103.0 145.0 102.0 66.0 128.0 176.0 119.0 121.0 40.0
46.0 53.0 1.0e8 28.0 36.0 19.0 106.0 61.0 56.0 89.0 136.0 120.0 136.0 121.0 115.0 152.0 163.0 88.0 117.0 142.0 204.0 135.0 122.0 170.0 84.0 56.0 104.0 75.0 59.0 84.0 77.0 68.0 110.0 156.0 113.0 101.0 144.0 111.0 130.0 147.0 105.0 77.0 65.0 45.0 37.0 55.0 74.0 125.0 127.0 112.0 140.0 131.0 60.0 62.0 122.0 142.0 54.0 47.0 76.0 67.0 169.0 108.0 83.0 125.0 82.0 46.0 108.0 156.0 99.0 101.0 20.0
73.0 87.0 72.0 1.0e8 30.0 46.0 133.0 55.0 50.0 83.0 130.0 114.0 158.0 117.0 137.0 174.0 185.0 115.0 144.0 169.0 231.0 162.0 149.0 198.0 111.0 83.0 131.0 102.0 86.0 111.0 104.0 95.0 176.0 216.0 179.0 167.0 210.0 176.0 195.0 182.0 140.0 143.0 131.0 111.0 103.0 121.0 109.0 160.0 162.0 147.0 131.0 122.0 94.0 113.0 131.0 133.0 56.0 38.0 67.0 39.0 235.0 99.0 118.0 190.0 109.0 94.0 135.0 147.0 162.0 167.0 70.0
43.0 57.0 42.0 70.0 1.0e8 16.0 103.0 25.0 20.0 53.0 100.0 84.0 128.0 87.0 107.0 144.0 155.0 85.0 114.0 139.0 201.0 132.0 119.0 168.0 81.0 53.0 101.0 72.0 56.0 81.0 74.0 65.0 146.0 186.0 149.0 137.0 180.0 147.0 166.0 183.0 141.0 113.0 101.0 81.0 73.0 91.0 110.0 161.0 163.0 148.0 164.0 155.0 102.0 98.0 158.0 166.0 89.0 71.0 100.0 42.0 205.0 109.0 119.0 161.0 79.0 64.0 105.0 180.0 135.0 137.0 62.0
27.0 41.0 26.0 54.0 62.0 1.0e8 87.0 87.0 82.0 97.0 144.0 131.0 117.0 102.0 96.0 133.0 144.0 69.0 98.0 123.0 185.0 116.0 103.0 152.0 65.0 37.0 85.0 56.0 40.0 65.0 58.0 49.0 130.0 170.0 133.0 121.0 164.0 131.0 150.0 167.0 125.0 97.0 85.0 65.0 57.0 75.0 94.0 145.0 147.0 132.0 166.0 157.0 86.0 82.0 142.0 168.0 80.0 73.0 102.0 93.0 189.0 134.0 103.0 145.0 63.0 48.0 89.0 182.0 119.0 121.0 46.0
129.0 155.0 175.0 203.0 199.0 194.0 1.0e8 14.0 180.0 38.0 85.0 72.0 95.0 54.0 74.0 111.0 122.0 87.0 116.0 141.0 186.0 134.0 146.0 195.0 117.0 117.0 137.0 65.0 116.0 148.0 155.0 151.0 218.0 213.0 235.0 223.0 266.0 233.0 252.0 269.0 227.0 199.0 187.0 167.0 159.0 177.0 196.0 247.0 249.0 234.0 260.0 251.0 229.0 184.0 244.0 262.0 204.0 186.0 155.0 158.0 255.0 157.0 205.0 247.0 93.0 150.0 80.0 276.0 221.0 223.0 195.0
137.0 163.0 183.0 211.0 189.0 202.0 104.0 1.0e8 170.0 28.0 75.0 62.0 103.0 62.0 82.0 119.0 130.0 95.0 124.0 149.0 194.0 142.0 154.0 203.0 125.0 125.0 145.0 73.0 124.0 156.0 163.0 159.0 226.0 221.0 243.0 231.0 274.0 241.0 260.0 277.0 235.0 207.0 195.0 175.0 167.0 185.0 204.0 255.0 257.0 242.0 250.0 241.0 232.0 192.0 250.0 252.0 194.0 176.0 145.0 148.0 263.0 147.0 213.0 255.0 101.0 158.0 88.0 266.0 229.0 231.0 203.0
106.0 120.0 105.0 91.0 63.0 79.0 109.0 5.0 1.0e8 33.0 80.0 64.0 108.0 67.0 87.0 124.0 135.0 100.0 129.0 154.0 199.0 147.0 159.0 208.0 130.0 116.0 150.0 78.0 119.0 144.0 137.0 128.0 209.0 226.0 212.0 200.0 238.0 189.0 208.0 195.0 153.0 176.0 164.0 144.0 136.0 154.0 122.0 173.0 175.0 160.0 144.0 135.0 107.0 126.0 144.0 146.0 69.0 51.0 80.0 22.0 268.0 89.0 131.0 203.0 106.0 127.0 93.0 160.0 175.0 200.0 83.0
109.0 135.0 155.0 183.0 161.0 174.0 76.0 81.0 142.0 1.0e8 47.0 34.0 75.0 34.0 54.0 91.0 102.0 67.0 96.0 121.0 166.0 114.0 126.0 175.0 97.0 97.0 117.0 45.0 96.0 128.0 135.0 131.0 198.0 193.0 215.0 203.0 246.0 213.0 232.0 249.0 207.0 179.0 167.0 147.0 139.0 157.0 176.0 227.0 229.0 214.0 222.0 213.0 204.0 164.0 222.0 224.0 166.0 148.0 117.0 120.0 235.0 119.0 185.0 227.0 73.0 130.0 60.0 238.0 201.0 203.0 175.0
157.0 171.0 156.0 141.0 114.0 130.0 136.0 34.0 95.0 60.0 1.0e8 40.0 135.0 94.0 114.0 151.0 162.0 127.0 156.0 181.0 226.0 174.0 186.0 235.0 157.0 157.0 177.0 105.0 156.0 188.0 188.0 179.0 258.0 253.0 263.0 251.0 288.0 239.0 258.0 245.0 203.0 227.0 215.0 195.0 187.0 205.0 172.0 223.0 207.0 210.0 175.0 166.0 157.0 176.0 175.0 177.0 119.0 101.0 70.0 73.0 295.0 72.0 181.0 253.0 133.0 178.0 120.0 191.0 225.0 251.0 133.0
143.0 169.0 174.0 159.0 132.0 148.0 110.0 65.0 113.0 34.0 31.0 1.0e8 102.0 68.0 88.0 122.0 133.0 101.0 130.0 155.0 197.0 148.0 160.0 209.0 131.0 131.0 151.0 79.0 130.0 162.0 169.0 165.0 232.0 227.0 249.0 237.0 280.0 247.0 266.0 263.0 221.0 213.0 201.0 181.0 173.0 191.0 190.0 241.0 225.0 228.0 193.0 184.0 175.0 194.0 193.0 195.0 137.0 119.0 88.0 91.0 269.0 90.0 199.0 261.0 107.0 164.0 94.0 209.0 235.0 237.0 151.0
117.0 143.0 163.0 191.0 199.0 182.0 84.0 98.0 204.0 73.0 109.0 91.0 1.0e8 42.0 51.0 44.0 55.0 75.0 90.0 96.0 119.0 108.0 120.0 165.0 105.0 105.0 125.0 53.0 104.0 136.0 143.0 139.0 192.0 187.0 211.0 204.0 242.0 221.0 240.0 257.0 215.0 187.0 175.0 155.0 147.0 165.0 184.0 235.0 237.0 222.0 266.0 257.0 217.0 172.0 232.0 258.0 211.0 210.0 179.0 182.0 228.0 181.0 193.0 235.0 81.0 138.0 68.0 282.0 209.0 211.0 183.0
75.0 101.0 121.0 149.0 157.0 140.0 42.0 56.0 176.0 34.0 81.0 68.0 41.0 1.0e8 20.0 57.0 68.0 33.0 62.0 87.0 132.0 80.0 92.0 141.0 63.0 63.0 83.0 11.0 62.0 94.0 101.0 97.0 164.0 159.0 181.0 169.0 212.0 179.0 198.0 215.0 173.0 145.0 133.0 113.0 105.0 123.0 142.0 193.0 195.0 180.0 224.0 215.0 175.0 130.0 190.0 216.0 169.0 168.0 151.0 154.0 201.0 153.0 151.0 193.0 39.0 96.0 26.0 240.0 167.0 169.0 141.0
95.0 121.0 141.0 169.0 177.0 160.0 62.0 76.0 196.0 54.0 101.0 88.0 21.0 20.0 1.0e8 37.0 48.0 53.0 82.0 89.0 112.0 100.0 112.0 158.0 83.0 83.0 103.0 31.0 82.0 114.0 121.0 117.0 184.0 179.0 201.0 189.0 232.0 199.0 218.0 235.0 193.0 165.0 153.0 133.0 125.0 143.0 162.0 213.0 215.0 200.0 244.0 235.0 195.0 150.0 210.0 236.0 189.0 188.0 171.0 174.0 221.0 173.0 171.0 213.0 59.0 116.0 46.0 260.0 187.0 189.0 161.0
90.0 116.0 136.0 164.0 172.0 155.0 99.0 113.0 192.0 91.0 138.0 122.0 44.0 57.0 37.0 1.0e8 11.0 48.0 46.0 52.0 75.0 64.0 76.0 121.0 78.0 78.0 98.0 68.0 77.0 109.0 116.0 112.0 148.0 143.0 167.0 160.0 198.0 194.0 213.0 230.0 188.0 160.0 148.0 128.0 120.0 138.0 157.0 208.0 210.0 195.0 239.0 230.0 190.0 145.0 205.0 231.0 184.0 183.0 208.0 203.0 184.0 210.0 166.0 208.0 54.0 111.0 68.0 255.0 182.0 178.0 156.0
79.0 105.0 125.0 153.0 161.0 144.0 99.0 113.0 181.0 91.0 138.0 125.0 58.0 57.0 37.0 54.0 1.0e8 37.0 35.0 41.0 103.0 53.0 65.0 114.0 67.0 67.0 87.0 68.0 66.0 98.0 105.0 101.0 137.0 132.0 156.0 149.0 187.0 183.0 202.0 219.0 177.0 149.0 137.0 117.0 109.0 127.0 146.0 197.0 199.0 184.0 228.0 219.0 179.0 134.0 194.0 220.0 173.0 172.0 201.0 192.0 174.0 210.0 155.0 197.0 43.0 100.0 57.0 244.0 171.0 167.0 145.0
42.0 68.0 88.0 116.0 124.0 107.0 75.0 89.0 144.0 67.0 114.0 101.0 48.0 33.0 27.0 64.0 75.0 1.0e8 29.0 54.0 116.0 47.0 59.0 108.0 30.0 30.0 50.0 44.0 29.0 61.0 68.0 64.0 131.0 126.0 148.0 136.0 179.0 146.0 165.0 182.0 140.0 112.0 100.0 80.0 72.0 90.0 109.0 160.0 162.0 147.0 191.0 182.0 142.0 97.0 157.0 183.0 136.0 135.0 164.0 155.0 168.0 186.0 118.0 160.0 6.0 63.0 20.0 207.0 134.0 136.0 108.0
101.0 127.0 147.0 175.0 183.0 166.0 134.0 148.0 203.0 126.0 173.0 160.0 104.0 92.0 83.0 69.0 46.0 59.0 1.0e8 25.0 87.0 18.0 30.0 79.0 89.0 89.0 109.0 103.0 88.0 120.0 127.0 123.0 102.0 97.0 121.0 114.0 152.0 162.0 181.0 208.0 193.0 144.0 159.0 139.0 131.0 149.0 168.0 219.0 221.0 206.0 250.0 241.0 201.0 156.0 216.0 242.0 195.0 194.0 223.0 214.0 139.0 245.0 177.0 176.0 65.0 122.0 79.0 266.0 193.0 132.0 167.0
100.0 126.0 146.0 174.0 182.0 165.0 120.0 134.0 202.0 112.0 159.0 146.0 79.0 78.0 58.0 44.0 21.0 58.0 56.0 1.0e8 62.0 71.0 83.0 108.0 88.0 88.0 108.0 89.0 87.0 119.0 126.0 122.0 155.0 150.0 174.0 167.0 205.0 204.0 223.0 240.0 198.0 170.0 158.0 138.0 130.0 148.0 167.0 218.0 220.0 205.0 249.0 240.0 200.0 155.0 215.0 241.0 194.0 193.0 222.0 213.0 171.0 231.0 176.0 218.0 64.0 121.0 78.0 265.0 192.0 185.0 166.0
92.0 118.0 138.0 166.0 174.0 157.0 125.0 139.0 194.0 117.0 164.0 151.0 98.0 83.0 77.0 114.0 97.0 50.0 51.0 76.0 1.0e8 9.0 21.0 46.0 80.0 80.0 100.0 94.0 79.0 111.0 118.0 114.0 93.0 88.0 112.0 105.0 143.0 153.0 172.0 199.0 184.0 135.0 150.0 130.0 122.0 140.0 159.0 210.0 212.0 197.0 241.0 232.0 192.0 147.0 207.0 233.0 186.0 185.0 214.0 205.0 130.0 236.0 168.0 167.0 56.0 113.0 70.0 257.0 184.0 123.0 158.0
83.0 109.0 129.0 157.0 165.0 148.0 116.0 130.0 185.0 108.0 155.0 142.0 89.0 74.0 68.0 105.0 88.0 41.0 42.0 67.0 129.0 1.0e8 12.0 61.0 71.0 71.0 91.0 85.0 70.0 102.0 109.0 105.0 84.0 79.0 103.0 96.0 134.0 144.0 163.0 190.0 175.0 126.0 141.0 121.0 113.0 131.0 150.0 201.0 203.0 188.0 232.0 223.0 183.0 138.0 198.0 224.0 177.0 176.0 205.0 196.0 121.0 227.0 159.0 158.0 47.0 104.0 61.0 248.0 175.0 114.0 149.0
71.0 97.0 117.0 145.0 153.0 136.0 104.0 118.0 173.0 96.0 143.0 130.0 77.0 62.0 56.0 93.0 76.0 29.0 30.0 55.0 117.0 48.0 1.0e8 49.0 59.0 59.0 79.0 73.0 58.0 90.0 97.0 93.0 72.0 67.0 91.0 84.0 122.0 132.0 151.0 178.0 163.0 114.0 129.0 109.0 101.0 119.0 138.0 189.0 191.0 176.0 220.0 211.0 171.0 126.0 186.0 212.0 165.0 164.0 193.0 184.0 109.0 215.0 147.0 146.0 35.0 92.0 49.0 236.0 163.0 102.0 137.0
204.0 230.0 250.0 278.0 286.0 269.0 224.0 238.0 306.0 216.0 255.0 237.0 173.0 182.0 162.0 147.0 125.0 162.0 160.0 104.0 114.0 123.0 135.0 1.0e8 192.0 192.0 163.0 193.0 191.0 223.0 230.0 226.0 144.0 139.0 147.0 156.0 174.0 184.0 165.0 230.0 215.0 186.0 249.0 242.0 234.0 252.0 251.0 267.0 282.0 289.0 332.0 323.0 297.0 259.0 299.0 325.0 298.0 297.0 325.0 317.0 113.0 327.0 260.0 198.0 168.0 225.0 182.0 348.0 237.0 174.0 270.0
38.0 64.0 84.0 112.0 120.0 103.0 78.0 92.0 140.0 88.0 135.0 122.0 78.0 63.0 57.0 94.0 105.0 30.0 59.0 84.0 146.0 77.0 38.0 87.0 1.0e8 28.0 20.0 47.0 25.0 31.0 38.0 47.0 110.0 105.0 129.0 122.0 160.0 142.0 161.0 178.0 136.0 108.0 96.0 76.0 68.0 86.0 105.0 156.0 158.0 143.0 187.0 178.0 138.0 93.0 153.0 179.0 132.0 131.0 160.0 151.0 147.0 192.0 114.0 156.0 24.0 59.0 50.0 203.0 130.0 132.0 104.0
151.0 177.0 197.0 225.0 221.0 216.0 50.0 64.0 202.0 60.0 107.0 94.0 117.0 76.0 96.0 133.0 144.0 109.0 138.0 163.0 208.0 156.0 168.0 217.0 139.0 1.0e8 159.0 19.0 138.0 170.0 177.0 173.0 240.0 235.0 257.0 245.0 288.0 255.0 274.0 291.0 249.0 221.0 209.0 189.0 181.0 199.0 218.0 269.0 271.0 256.0 282.0 273.0 251.0 206.0 266.0 284.0 226.0 208.0 177.0 180.0 277.0 179.0 227.0 269.0 115.0 172.0 102.0 298.0 243.0 245.0 217.0
89.0 115.0 135.0 163.0 171.0 154.0 122.0 136.0 191.0 114.0 161.0 148.0 95.0 80.0 74.0 111.0 94.0 47.0 48.0 73.0 135.0 66.0 18.0 67.0 77.0 77.0 1.0e8 91.0 76.0 108.0 115.0 111.0 90.0 85.0 109.0 102.0 140.0 150.0 169.0 196.0 181.0 132.0 147.0 127.0 119.0 137.0 156.0 207.0 209.0 194.0 238.0 229.0 189.0 144.0 204.0 230.0 183.0 182.0 211.0 202.0 127.0 233.0 165.0 164.0 53.0 110.0 67.0 254.0 181.0 120.0 155.0
132.0 158.0 178.0 206.0 202.0 197.0 31.0 45.0 183.0 41.0 88.0 75.0 98.0 57.0 77.0 114.0 125.0 90.0 119.0 144.0 189.0 137.0 149.0 198.0 120.0 55.0 140.0 1.0e8 119.0 151.0 158.0 154.0 221.0 216.0 238.0 226.0 269.0 236.0 255.0 272.0 230.0 202.0 190.0 170.0 162.0 180.0 199.0 250.0 252.0 237.0 263.0 254.0 232.0 187.0 247.0 265.0 207.0 189.0 158.0 161.0 258.0 160.0 208.0 250.0 96.0 153.0 83.0 279.0 224.0 226.0 198.0
13.0 39.0 59.0 87.0 95.0 78.0 77.0 91.0 115.0 87.0 134.0 121.0 77.0 62.0 56.0 93.0 104.0 29.0 58.0 83.0 145.0 76.0 63.0 112.0 25.0 27.0 45.0 46.0 1.0e8 32.0 39.0 35.0 116.0 130.0 119.0 107.0 150.0 117.0 136.0 153.0 111.0 83.0 71.0 51.0 43.0 61.0 80.0 131.0 133.0 118.0 162.0 153.0 113.0 68.0 128.0 154.0 107.0 106.0 135.0 126.0 172.0 167.0 89.0 131.0 23.0 34.0 49.0 178.0 105.0 107.0 79.0
38.0 48.0 68.0 96.0 104.0 87.0 109.0 123.0 124.0 119.0 166.0 153.0 109.0 94.0 88.0 125.0 136.0 61.0 90.0 115.0 177.0 108.0 69.0 118.0 31.0 59.0 51.0 78.0 32.0 1.0e8 7.0 16.0 123.0 136.0 126.0 114.0 157.0 124.0 143.0 160.0 118.0 90.0 78.0 58.0 50.0 68.0 87.0 138.0 140.0 125.0 169.0 160.0 120.0 75.0 135.0 161.0 114.0 115.0 144.0 135.0 178.0 176.0 96.0 138.0 55.0 41.0 81.0 185.0 112.0 114.0 88.0
31.0 41.0 61.0 89.0 97.0 80.0 105.0 119.0 117.0 115.0 162.0 149.0 105.0 90.0 84.0 121.0 132.0 57.0 86.0 111.0 173.0 104.0 65.0 114.0 27.0 55.0 47.0 74.0 28.0 7.0 1.0e8 9.0 116.0 132.0 119.0 107.0 150.0 117.0 136.0 153.0 111.0 83.0 71.0 51.0 43.0 61.0 80.0 131.0 133.0 118.0 162.0 153.0 113.0 68.0 128.0 154.0 107.0 108.0 137.0 128.0 174.0 169.0 89.0 131.0 51.0 34.0 77.0 178.0 105.0 107.0 81.0
22.0 32.0 52.0 80.0 88.0 71.0 112.0 113.0 108.0 122.0 169.0 156.0 112.0 97.0 91.0 128.0 139.0 64.0 93.0 118.0 180.0 111.0 74.0 123.0 36.0 62.0 56.0 81.0 35.0 16.0 9.0 1.0e8 107.0 141.0 110.0 98.0 141.0 108.0 127.0 144.0 102.0 74.0 62.0 42.0 34.0 52.0 71.0 122.0 124.0 109.0 153.0 144.0 104.0 59.0 119.0 145.0 98.0 99.0 128.0 119.0 166.0 160.0 80.0 122.0 58.0 25.0 84.0 169.0 96.0 98.0 72.0
108.0 134.0 154.0 182.0 190.0 173.0 141.0 155.0 210.0 133.0 180.0 167.0 114.0 99.0 93.0 130.0 113.0 66.0 67.0 92.0 154.0 85.0 37.0 60.0 96.0 96.0 19.0 110.0 95.0 127.0 134.0 130.0 1.0e8 46.0 75.0 63.0 106.0 116.0 135.0 162.0 147.0 93.0 166.0 146.0 138.0 156.0 175.0 199.0 221.0 213.0 257.0 248.0 208.0 163.0 223.0 249.0 202.0 201.0 230.0 221.0 120.0 252.0 184.0 130.0 72.0 129.0 86.0 273.0 169.0 81.0 174.0
127.0 153.0 173.0 201.0 209.0 192.0 160.0 174.0 229.0 152.0 199.0 186.0 133.0 118.0 112.0 149.0 132.0 85.0 86.0 111.0 173.0 104.0 56.0 79.0 115.0 115.0 38.0 129.0 114.0 146.0 153.0 149.0 19.0 1.0e8 29.0 17.0 60.0 70.0 89.0 116.0 101.0 47.0 135.0 148.0 157.0 175.0 137.0 153.0 175.0 175.0 219.0 210.0 183.0 182.0 185.0 211.0 221.0 220.0 249.0 240.0 85.0 271.0 146.0 84.0 91.0 148.0 105.0 235.0 123.0 35.0 193.0
164.0 190.0 210.0 210.0 240.0 229.0 197.0 211.0 260.0 189.0 236.0 223.0 170.0 155.0 149.0 186.0 169.0 122.0 123.0 148.0 210.0 141.0 93.0 98.0 152.0 152.0 75.0 166.0 151.0 183.0 190.0 186.0 56.0 45.0 1.0e8 12.0 31.0 41.0 60.0 87.0 72.0 42.0 106.0 119.0 190.0 208.0 108.0 124.0 146.0 146.0 190.0 181.0 154.0 173.0 156.0 182.0 197.0 229.0 258.0 249.0 56.0 290.0 117.0 55.0 128.0 185.0 142.0 206.0 94.0 30.0 202.0
153.0 179.0 199.0 222.0 235.0 218.0 186.0 200.0 255.0 178.0 225.0 212.0 159.0 144.0 138.0 175.0 158.0 111.0 112.0 137.0 199.0 130.0 82.0 105.0 141.0 141.0 64.0 155.0 140.0 172.0 179.0 175.0 45.0 57.0 12.0 1.0e8 43.0 53.0 72.0 99.0 84.0 30.0 118.0 131.0 183.0 201.0 120.0 136.0 158.0 158.0 202.0 193.0 166.0 185.0 168.0 194.0 209.0 241.0 270.0 261.0 68.0 297.0 129.0 67.0 117.0 174.0 131.0 218.0 106.0 18.0 214.0
189.0 175.0 195.0 179.0 209.0 214.0 261.0 234.0 229.0 253.0 300.0 287.0 234.0 219.0 213.0 250.0 233.0 186.0 187.0 212.0 270.0 205.0 157.0 175.0 216.0 216.0 139.0 230.0 202.0 209.0 202.0 193.0 120.0 122.0 80.0 92.0 1.0e8 10.0 29.0 56.0 41.0 87.0 75.0 88.0 159.0 177.0 77.0 93.0 115.0 115.0 159.0 150.0 123.0 142.0 125.0 151.0 166.0 198.0 227.0 218.0 105.0 259.0 86.0 24.0 192.0 168.0 206.0 175.0 63.0 110.0 171.0
179.0 165.0 185.0 169.0 199.0 204.0 251.0 224.0 219.0 243.0 290.0 277.0 224.0 209.0 203.0 240.0 223.0 176.0 177.0 202.0 260.0 195.0 147.0 165.0 206.0 206.0 129.0 220.0 192.0 199.0 192.0 183.0 110.0 112.0 70.0 82.0 49.0 1.0e8 19.0 46.0 31.0 77.0 65.0 78.0 149.0 167.0 67.0 83.0 105.0 105.0 149.0 140.0 113.0 132.0 115.0 141.0 156.0 188.0 217.0 208.0 95.0 249.0 76.0 14.0 182.0 158.0 196.0 165.0 53.0 100.0 161.0
212.0 205.0 225.0 209.0 239.0 244.0 245.0 259.0 259.0 237.0 284.0 271.0 218.0 203.0 197.0 234.0 217.0 170.0 171.0 196.0 241.0 189.0 141.0 146.0 200.0 200.0 123.0 214.0 199.0 231.0 232.0 223.0 104.0 93.0 51.0 63.0 30.0 40.0 1.0e8 67.0 71.0 93.0 105.0 118.0 189.0 207.0 107.0 104.0 117.0 145.0 167.0 158.0 153.0 172.0 155.0 181.0 196.0 228.0 254.0 248.0 76.0 286.0 116.0 54.0 176.0 198.0 190.0 183.0 93.0 81.0 201.0
184.0 170.0 190.0 174.0 204.0 209.0 256.0 229.0 224.0 248.0 295.0 282.0 229.0 214.0 208.0 245.0 228.0 181.0 182.0 207.0 269.0 200.0 152.0 175.0 211.0 211.0 134.0 225.0 197.0 204.0 197.0 188.0 115.0 150.0 108.0 106.0 87.0 72.0 57.0 1.0e8 36.0 82.0 70.0 83.0 154.0 172.0 72.0 37.0 59.0 110.0 109.0 100.0 118.0 137.0 120.0 146.0 161.0 193.0 196.0 213.0 133.0 228.0 81.0 86.0 187.0 163.0 201.0 125.0 58.0 106.0 166.0
148.0 134.0 154.0 138.0 168.0 173.0 220.0 193.0 188.0 212.0 259.0 246.0 193.0 178.0 172.0 209.0 192.0 145.0 146.0 171.0 233.0 164.0 116.0 139.0 175.0 175.0 98.0 189.0 161.0 168.0 161.0 152.0 79.0 125.0 82.0 70.0 85.0 36.0 55.0 82.0 1.0e8 46.0 34.0 47.0 118.0 136.0 36.0 87.0 89.0 74.0 118.0 109.0 82.0 101.0 84.0 110.0 125.0 157.0 186.0 177.0 131.0 218.0 45.0 50.0 151.0 127.0 165.0 134.0 22.0 70.0 130.0
213.0 199.0 219.0 203.0 233.0 238.0 285.0 258.0 253.0 277.0 324.0 311.0 258.0 243.0 237.0 274.0 257.0 210.0 211.0 236.0 294.0 229.0 181.0 199.0 240.0 240.0 163.0 254.0 226.0 233.0 226.0 217.0 144.0 146.0 104.0 116.0 83.0 34.0 53.0 80.0 65.0 1.0e8 99.0 112.0 183.0 201.0 101.0 117.0 139.0 139.0 183.0 174.0 147.0 166.0 149.0 175.0 190.0 222.0 251.0 242.0 129.0 283.0 110.0 48.0 216.0 192.0 230.0 199.0 87.0 134.0 195.0
153.0 146.0 166.0 150.0 180.0 185.0 186.0 200.0 200.0 178.0 225.0 212.0 159.0 144.0 138.0 175.0 158.0 111.0 112.0 137.0 199.0 130.0 82.0 105.0 141.0 141.0 64.0 155.0 140.0 172.0 173.0 164.0 45.0 91.0 48.0 36.0 79.0 46.0 65.0 92.0 77.0 12.0 1.0e8 59.0 130.0 148.0 48.0 99.0 101.0 86.0 130.0 121.0 94.0 113.0 96.0 122.0 137.0 169.0 198.0 189.0 104.0 230.0 57.0 60.0 117.0 139.0 131.0 146.0 34.0 36.0 142.0
173.0 166.0 186.0 170.0 200.0 205.0 206.0 220.0 220.0 198.0 245.0 232.0 179.0 164.0 158.0 195.0 178.0 131.0 132.0 157.0 219.0 150.0 102.0 125.0 161.0 161.0 84.0 175.0 160.0 192.0 193.0 184.0 65.0 111.0 68.0 56.0 99.0 66.0 85.0 112.0 97.0 32.0 20.0 1.0e8 150.0 168.0 68.0 119.0 121.0 106.0 150.0 141.0 114.0 133.0 116.0 142.0 157.0 189.0 218.0 209.0 124.0 250.0 77.0 80.0 137.0 159.0 151.0 166.0 54.0 56.0 162.0
30.0 16.0 36.0 64.0 72.0 55.0 120.0 97.0 92.0 125.0 172.0 156.0 120.0 105.0 99.0 136.0 147.0 72.0 101.0 126.0 188.0 119.0 106.0 133.0 68.0 70.0 88.0 89.0 43.0 50.0 43.0 34.0 73.0 119.0 76.0 64.0 107.0 74.0 93.0 110.0 68.0 40.0 28.0 8.0 1.0e8 18.0 37.0 88.0 90.0 75.0 119.0 110.0 70.0 25.0 85.0 111.0 64.0 83.0 112.0 103.0 132.0 144.0 46.0 88.0 66.0 9.0 92.0 135.0 62.0 64.0 56.0
54.0 40.0 60.0 59.0 89.0 79.0 144.0 114.0 109.0 142.0 189.0 173.0 144.0 129.0 123.0 160.0 171.0 96.0 125.0 150.0 212.0 143.0 130.0 157.0 92.0 94.0 112.0 113.0 67.0 74.0 67.0 58.0 97.0 143.0 100.0 88.0 131.0 86.0 105.0 92.0 50.0 64.0 52.0 32.0 24.0 1.0e8 19.0 70.0 72.0 57.0 101.0 92.0 52.0 7.0 67.0 93.0 46.0 78.0 107.0 98.0 156.0 139.0 28.0 100.0 90.0 33.0 116.0 117.0 72.0 88.0 51.0
112.0 98.0 118.0 102.0 132.0 137.0 202.0 157.0 152.0 185.0 232.0 216.0 202.0 187.0 181.0 218.0 223.0 154.0 177.0 202.0 264.0 195.0 147.0 170.0 150.0 152.0 129.0 171.0 125.0 132.0 125.0 116.0 110.0 156.0 113.0 101.0 116.0 67.0 86.0 73.0 31.0 77.0 65.0 78.0 82.0 100.0 1.0e8 51.0 53.0 38.0 82.0 73.0 46.0 65.0 48.0 74.0 89.0 121.0 150.0 141.0 162.0 182.0 9.0 81.0 148.0 91.0 174.0 98.0 53.0 101.0 94.0
178.0 164.0 184.0 168.0 198.0 203.0 268.0 223.0 218.0 251.0 290.0 259.0 251.0 236.0 230.0 267.0 250.0 203.0 204.0 229.0 291.0 222.0 174.0 197.0 216.0 218.0 156.0 237.0 191.0 198.0 191.0 182.0 137.0 172.0 130.0 128.0 109.0 94.0 79.0 22.0 58.0 104.0 92.0 105.0 148.0 166.0 94.0 1.0e8 34.0 126.0 84.0 75.0 112.0 131.0 114.0 126.0 155.0 181.0 171.0 207.0 155.0 203.0 103.0 108.0 209.0 157.0 223.0 100.0 80.0 128.0 160.0
144.0 130.0 150.0 134.0 164.0 169.0 234.0 189.0 184.0 217.0 256.0 225.0 234.0 219.0 213.0 250.0 261.0 186.0 215.0 240.0 302.0 233.0 211.0 234.0 182.0 184.0 193.0 203.0 157.0 164.0 157.0 148.0 174.0 209.0 167.0 165.0 146.0 131.0 116.0 59.0 95.0 141.0 129.0 122.0 114.0 132.0 93.0 96.0 1.0e8 92.0 50.0 41.0 78.0 97.0 80.0 92.0 121.0 147.0 137.0 173.0 192.0 169.0 102.0 145.0 180.0 123.0 206.0 66.0 117.0 165.0 126.0
138.0 124.0 144.0 128.0 158.0 163.0 228.0 183.0 178.0 211.0 250.0 219.0 228.0 213.0 207.0 244.0 255.0 180.0 209.0 234.0 296.0 227.0 191.0 214.0 176.0 178.0 173.0 197.0 151.0 158.0 151.0 142.0 154.0 189.0 147.0 145.0 126.0 111.0 96.0 39.0 75.0 121.0 109.0 116.0 108.0 126.0 87.0 17.0 15.0 1.0e8 44.0 35.0 72.0 91.0 74.0 86.0 115.0 141.0 131.0 167.0 172.0 163.0 96.0 125.0 174.0 117.0 200.0 60.0 97.0 145.0 120.0
94.0 80.0 100.0 84.0 114.0 119.0 184.0 139.0 134.0 167.0 214.0 198.0 184.0 169.0 163.0 200.0 211.0 136.0 165.0 190.0 252.0 183.0 170.0 197.0 132.0 134.0 152.0 153.0 107.0 114.0 107.0 98.0 137.0 183.0 140.0 128.0 159.0 110.0 129.0 81.0 74.0 104.0 92.0 72.0 64.0 82.0 43.0 59.0 57.0 42.0 1.0e8 62.0 28.0 47.0 30.0 56.0 71.0 103.0 132.0 123.0 196.0 164.0 52.0 124.0 130.0 73.0 156.0 16.0 96.0 128.0 76.0
103.0 89.0 109.0 93.0 123.0 128.0 193.0 148.0 143.0 176.0 215.0 184.0 193.0 178.0 172.0 209.0 220.0 145.0 174.0 199.0 261.0 192.0 179.0 206.0 141.0 143.0 161.0 162.0 116.0 123.0 116.0 107.0 146.0 192.0 149.0 137.0 168.0 119.0 138.0 90.0 83.0 113.0 101.0 81.0 73.0 91.0 52.0 68.0 41.0 51.0 9.0 1.0e8 37.0 56.0 39.0 51.0 80.0 106.0 96.0 132.0 205.0 128.0 61.0 133.0 139.0 82.0 165.0 25.0 105.0 137.0 85.0
66.0 52.0 72.0 71.0 101.0 91.0 156.0 126.0 121.0 154.0 201.0 185.0 156.0 141.0 135.0 172.0 183.0 108.0 137.0 162.0 224.0 155.0 142.0 169.0 104.0 106.0 124.0 125.0 79.0 86.0 79.0 70.0 109.0 155.0 112.0 100.0 131.0 82.0 101.0 88.0 46.0 76.0 64.0 44.0 36.0 54.0 15.0 66.0 68.0 53.0 97.0 88.0 1.0e8 19.0 63.0 89.0 58.0 90.0 119.0 110.0 168.0 151.0 24.0 96.0 102.0 45.0 128.0 113.0 68.0 100.0 63.0
47.0 33.0 53.0 52.0 82.0 72.0 137.0 107.0 102.0 135.0 182.0 166.0 137.0 122.0 116.0 153.0 164.0 89.0 118.0 143.0 205.0 136.0 123.0 150.0 85.0 87.0 105.0 106.0 60.0 67.0 60.0 51.0 90.0 136.0 93.0 81.0 124.0 91.0 110.0 127.0 85.0 57.0 45.0 25.0 17.0 35.0 54.0 105.0 107.0 92.0 136.0 127.0 45.0 1.0e8 102.0 128.0 39.0 71.0 100.0 91.0 149.0 132.0 63.0 105.0 83.0 26.0 109.0 152.0 79.0 81.0 44.0
113.0 99.0 119.0 54.0 84.0 100.0 187.0 109.0 104.0 137.0 184.0 168.0 203.0 171.0 182.0 219.0 230.0 155.0 184.0 209.0 271.0 202.0 189.0 216.0 151.0 137.0 171.0 156.0 126.0 133.0 126.0 117.0 156.0 202.0 159.0 147.0 178.0 129.0 148.0 122.0 93.0 123.0 111.0 91.0 83.0 101.0 62.0 100.0 73.0 83.0 41.0 32.0 47.0 66.0 1.0e8 26.0 41.0 73.0 102.0 93.0 215.0 134.0 71.0 143.0 149.0 92.0 175.0 57.0 115.0 147.0 46.0
129.0 124.0 128.0 56.0 86.0 102.0 189.0 111.0 106.0 139.0 186.0 170.0 214.0 173.0 193.0 230.0 241.0 171.0 200.0 225.0 287.0 218.0 205.0 241.0 167.0 139.0 187.0 158.0 142.0 158.0 151.0 142.0 181.0 227.0 184.0 172.0 203.0 154.0 173.0 160.0 118.0 148.0 136.0 116.0 108.0 126.0 87.0 138.0 140.0 125.0 168.0 159.0 72.0 91.0 135.0 1.0e8 34.0 75.0 104.0 95.0 240.0 136.0 96.0 168.0 165.0 117.0 191.0 184.0 140.0 172.0 48.0
95.0 90.0 94.0 22.0 52.0 68.0 155.0 77.0 72.0 105.0 152.0 136.0 180.0 139.0 159.0 196.0 207.0 137.0 166.0 191.0 253.0 184.0 171.0 207.0 133.0 105.0 153.0 124.0 108.0 124.0 117.0 108.0 147.0 193.0 150.0 138.0 169.0 120.0 139.0 126.0 84.0 114.0 102.0 82.0 74.0 92.0 53.0 104.0 106.0 91.0 134.0 125.0 38.0 57.0 101.0 127.0 1.0e8 41.0 70.0 61.0 206.0 102.0 62.0 134.0 131.0 83.0 157.0 150.0 106.0 138.0 14.0
113.0 108.0 112.0 40.0 70.0 86.0 160.0 56.0 51.0 84.0 131.0 115.0 159.0 118.0 138.0 175.0 186.0 151.0 180.0 205.0 250.0 198.0 189.0 225.0 151.0 123.0 171.0 129.0 126.0 142.0 135.0 126.0 165.0 211.0 168.0 156.0 187.0 138.0 157.0 144.0 102.0 132.0 120.0 100.0 92.0 110.0 71.0 122.0 124.0 109.0 93.0 84.0 56.0 75.0 93.0 95.0 18.0 1.0e8 29.0 29.0 224.0 61.0 80.0 152.0 149.0 101.0 144.0 109.0 124.0 156.0 32.0
146.0 160.0 145.0 101.0 103.0 119.0 193.0 89.0 84.0 117.0 119.0 88.0 190.0 151.0 171.0 208.0 219.0 184.0 213.0 238.0 283.0 231.0 222.0 271.0 184.0 156.0 204.0 162.0 159.0 184.0 177.0 168.0 226.0 272.0 229.0 217.0 248.0 199.0 218.0 186.0 163.0 193.0 181.0 161.0 153.0 171.0 132.0 164.0 137.0 147.0 105.0 96.0 117.0 136.0 105.0 107.0 79.0 61.0 1.0e8 62.0 285.0 32.0 141.0 213.0 182.0 162.0 177.0 121.0 185.0 217.0 93.0
84.0 98.0 83.0 69.0 41.0 57.0 131.0 27.0 22.0 55.0 102.0 86.0 130.0 89.0 109.0 146.0 157.0 122.0 151.0 176.0 221.0 169.0 160.0 209.0 122.0 94.0 142.0 100.0 97.0 122.0 115.0 106.0 187.0 227.0 190.0 178.0 216.0 167.0 186.0 173.0 131.0 154.0 142.0 122.0 114.0 132.0 100.0 151.0 153.0 138.0 122.0 113.0 85.0 104.0 122.0 124.0 47.0 29.0 58.0 1.0e8 246.0 67.0 109.0 181.0 120.0 105.0 115.0 138.0 153.0 178.0 61.0
146.0 172.0 192.0 220.0 228.0 211.0 179.0 193.0 248.0 171.0 218.0 205.0 152.0 137.0 131.0 168.0 151.0 104.0 105.0 130.0 192.0 123.0 75.0 80.0 134.0 134.0 57.0 148.0 133.0 165.0 172.0 168.0 38.0 27.0 34.0 44.0 65.0 75.0 76.0 121.0 106.0 74.0 140.0 153.0 176.0 194.0 142.0 158.0 180.0 180.0 224.0 215.0 188.0 201.0 190.0 216.0 231.0 239.0 268.0 259.0 1.0e8 290.0 151.0 89.0 110.0 167.0 124.0 240.0 128.0 62.0 212.0
114.0 128.0 113.0 69.0 71.0 87.0 161.0 57.0 52.0 85.0 120.0 89.0 160.0 119.0 139.0 176.0 187.0 152.0 181.0 206.0 251.0 199.0 190.0 239.0 152.0 124.0 172.0 130.0 127.0 152.0 145.0 136.0 194.0 240.0 197.0 185.0 216.0 167.0 186.0 173.0 131.0 161.0 149.0 129.0 121.0 139.0 100.0 151.0 153.0 138.0 122.0 113.0 85.0 104.0 122.0 124.0 47.0 29.0 58.0 30.0 253.0 1.0e8 109.0 181.0 150.0 130.0 145.0 138.0 153.0 185.0 61.0
103.0 89.0 109.0 93.0 123.0 128.0 193.0 148.0 143.0 176.0 223.0 207.0 193.0 178.0 172.0 209.0 220.0 145.0 174.0 199.0 261.0 192.0 179.0 206.0 141.0 143.0 161.0 162.0 116.0 123.0 116.0 107.0 146.0 192.0 149.0 137.0 153.0 119.0 123.0 66.0 83.0 113.0 101.0 81.0 73.0 91.0 52.0 44.0 44.0 29.0 73.0 64.0 37.0 56.0 39.0 65.0 80.0 112.0 141.0 132.0 199.0 173.0 1.0e8 133.0 139.0 82.0 165.0 89.0 105.0 137.0 85.0
165.0 151.0 171.0 155.0 185.0 190.0 237.0 210.0 205.0 229.0 276.0 263.0 210.0 195.0 189.0 226.0 209.0 162.0 163.0 188.0 250.0 181.0 133.0 156.0 192.0 192.0 115.0 206.0 178.0 185.0 178.0 169.0 96.0 132.0 90.0 87.0 69.0 53.0 39.0 53.0 17.0 63.0 51.0 64.0 135.0 153.0 53.0 90.0 106.0 91.0 135.0 126.0 99.0 118.0 101.0 127.0 142.0 174.0 203.0 194.0 115.0 235.0 62.0 1.0e8 168.0 144.0 182.0 151.0 39.0 87.0 147.0
36.0 62.0 82.0 110.0 118.0 101.0 74.0 88.0 138.0 73.0 120.0 107.0 54.0 39.0 33.0 70.0 81.0 6.0 35.0 60.0 122.0 53.0 62.0 111.0 24.0 24.0 44.0 43.0 23.0 55.0 62.0 58.0 134.0 129.0 142.0 130.0 173.0 140.0 159.0 176.0 134.0 106.0 94.0 74.0 66.0 84.0 103.0 154.0 156.0 141.0 185.0 176.0 136.0 91.0 151.0 177.0 130.0 129.0 158.0 149.0 171.0 190.0 112.0 154.0 1.0e8 57.0 26.0 201.0 128.0 130.0 102.0
21.0 7.0 27.0 55.0 63.0 46.0 111.0 88.0 83.0 116.0 163.0 147.0 111.0 96.0 90.0 127.0 138.0 63.0 92.0 117.0 179.0 110.0 97.0 142.0 59.0 61.0 79.0 80.0 34.0 41.0 34.0 25.0 82.0 128.0 85.0 73.0 116.0 83.0 102.0 119.0 77.0 49.0 37.0 17.0 9.0 27.0 46.0 97.0 99.0 84.0 128.0 119.0 79.0 34.0 94.0 120.0 73.0 74.0 103.0 94.0 141.0 135.0 55.0 97.0 57.0 1.0e8 83.0 144.0 71.0 73.0 47.0
102.0 128.0 148.0 176.0 184.0 167.0 69.0 83.0 203.0 61.0 108.0 95.0 28.0 27.0 7.0 44.0 55.0 60.0 89.0 96.0 119.0 107.0 119.0 165.0 90.0 90.0 110.0 38.0 89.0 121.0 128.0 124.0 191.0 186.0 208.0 196.0 239.0 206.0 225.0 242.0 200.0 172.0 160.0 140.0 132.0 150.0 169.0 220.0 222.0 207.0 251.0 242.0 202.0 157.0 217.0 243.0 196.0 195.0 178.0 181.0 228.0 180.0 178.0 220.0 66.0 123.0 1.0e8 267.0 194.0 196.0 168.0
164.0 150.0 170.0 154.0 184.0 189.0 254.0 209.0 204.0 237.0 276.0 245.0 254.0 239.0 233.0 270.0 281.0 206.0 235.0 260.0 322.0 253.0 217.0 240.0 202.0 204.0 199.0 223.0 177.0 184.0 177.0 168.0 180.0 215.0 173.0 171.0 152.0 137.0 122.0 65.0 101.0 147.0 135.0 142.0 134.0 152.0 113.0 43.0 41.0 26.0 70.0 61.0 98.0 117.0 100.0 112.0 141.0 167.0 157.0 193.0 198.0 189.0 122.0 151.0 200.0 143.0 226.0 1.0e8 123.0 171.0 146.0
126.0 112.0 132.0 116.0 146.0 151.0 216.0 171.0 166.0 199.0 246.0 230.0 216.0 201.0 195.0 232.0 237.0 168.0 191.0 216.0 278.0 209.0 161.0 184.0 164.0 166.0 143.0 185.0 139.0 146.0 139.0 130.0 124.0 170.0 127.0 115.0 130.0 81.0 100.0 87.0 45.0 91.0 79.0 92.0 96.0 114.0 14.0 65.0 67.0 52.0 96.0 87.0 60.0 79.0 62.0 88.0 103.0 135.0 164.0 155.0 176.0 196.0 23.0 95.0 162.0 105.0 188.0 112.0 1.0e8 115.0 108.0
225.0 211.0 231.0 215.0 245.0 250.0 297.0 270.0 265.0 289.0 336.0 323.0 270.0 255.0 249.0 286.0 269.0 222.0 223.0 248.0 306.0 241.0 193.0 211.0 252.0 252.0 175.0 266.0 238.0 245.0 238.0 229.0 156.0 158.0 116.0 128.0 95.0 46.0 65.0 92.0 77.0 12.0 111.0 124.0 195.0 213.0 113.0 129.0 151.0 151.0 195.0 186.0 159.0 178.0 161.0 187.0 202.0 234.0 263.0 254.0 141.0 295.0 122.0 60.0 228.0 204.0 242.0 211.0 99.0 1.0e8 207.0
81.0 95.0 80.0 8.0 38.0 54.0 141.0 63.0 58.0 91.0 138.0 122.0 166.0 125.0 145.0 182.0 193.0 123.0 152.0 177.0 239.0 170.0 157.0 206.0 119.0 91.0 139.0 110.0 94.0 119.0 112.0 103.0 184.0 224.0 187.0 175.0 214.0 165.0 184.0 171.0 129.0 151.0 139.0 119.0 111.0 129.0 98.0 149.0 151.0 136.0 120.0 111.0 83.0 102.0 120.0 122.0 45.0 27.0 56.0 47.0 243.0 88.0 107.0 179.0 117.0 102.0 143.0 136.0 151.0 175.0 0.0
